0.4065028429031372
0.39140456914901733
0.38998737931251526
0.39103227853775024
0.3905527889728546
0.39086222648620605
0.38926199078559875
0.3898179531097412
0.38909924030303955
0.3879522681236267
0.3889618217945099
0.38854363560676575
0.39081522822380066
0.3896166980266571
0.38981837034225464
0.38891690969467163
0.3888207972049713
0.38959336280822754
0.38964203000068665
0.38881126046180725
0.38968852162361145
0.38975590467453003
0.38980358839035034
0.38903820514678955
0.38977304100990295
0.38906025886535645
0.3898082375526428
0.3897705674171448
0.3897666037082672
0.3902296721935272
0.389894038438797
0.38912323117256165
0.39057856798171997
0.3900805115699768
0.3888086974620819
0.38964158296585083
0.38913410902023315
0.38976627588272095
0.39099153876304626
0.3896154463291168
0.39132797718048096
0.3905561864376068
0.3883076012134552
0.38949039578437805
0.3904465138912201
0.38987231254577637
0.38843849301338196
0.39037564396858215
0.38925856351852417
0.3890098035335541
0.3912455141544342
0.3890344798564911
0.38985922932624817
0.3897720277309418
0.3884042501449585
0.388351708650589
0.39056631922721863
0.3896492123603821
0.38911429047584534
0.3893733024597168
0.39069297909736633
0.3896595239639282
0.3899553716182709
0.3895633816719055
0.38986000418663025
0.39009684324264526
0.3894657492637634
0.39109233021736145
0.38966572284698486
0.389994740486145
0.39061102271080017
0.3892653286457062
0.38924381136894226
0.38865965604782104
0.38943299651145935
0.38945272564888
0.38907504081726074
0.38923174142837524
0.3891744315624237
0.38822633028030396
0.3897706866264343
0.3908829987049103
0.39001479744911194
0.38950708508491516
0.3890605866909027
0.3898877203464508
0.38969728350639343
0.3903234004974365
0.3899174928665161
0.3900039494037628
0.3894980549812317
0.3892565369606018
0.3909979462623596
0.38858821988105774
0.38963377475738525
0.38824552297592163
0.3889804482460022
0.3893403708934784
0.38908910751342773
0.3888743221759796
0.38883331418037415
0.38930001854896545
0.389721542596817
0.38932377099990845
0.3896048963069916
0.39026615023612976
0.39063844084739685
0.38914749026298523
0.3890905976295471
0.3892311751842499
0.38924121856689453
0.38938501477241516
0.38943660259246826
0.3890349864959717
0.3896845281124115
0.38905957341194153
0.38850000500679016
0.3895263671875
0.3902190923690796
0.39038339257240295
0.3903293311595917
0.3897509276866913
0.3901355266571045
0.3893275558948517
0.3878920376300812
0.3901938796043396
0.390127956867218
0.3874894976615906
0.3901576101779938
0.38797903060913086
0.388967365026474
0.3893227279186249
0.38919514417648315
0.38977065682411194
0.3902287185192108
0.38891106843948364
0.39025333523750305
0.3901175260543823
0.389521062374115
0.38892459869384766
0.38883498311042786
0.38884520530700684
0.3906418979167938
0.3883177638053894
0.3897245228290558
0.39014503359794617
0.389657586812973
0.3902791738510132
0.3898218274116516
0.3897341787815094
0.41578903794288635
0.41716182231903076
0.4179908335208893
0.41741886734962463
0.4165627360343933
0.4153335392475128
0.4187321960926056
0.4195350408554077
0.4176431894302368
0.41661536693573
0.4169498383998871
0.41455820202827454
0.41801121830940247
0.4176751375198364
0.416578084230423
0.41723155975341797
0.4183334410190582
0.4193536639213562
0.4147106409072876
0.41825249791145325
0.4182269871234894
0.419331818819046
0.41916584968566895
0.4176628589630127
0.4168175458908081
0.416414350271225
0.4150337874889374
0.41723984479904175
0.41577520966529846
0.4154704809188843
0.4202021360397339
0.41992130875587463
0.4193115830421448
0.4204380214214325
0.41649073362350464
0.42270752787590027
0.415283203125
0.4143003821372986
0.4198567569255829
0.4188675582408905
0.4216684401035309
0.41614893078804016
0.4189819097518921
0.4163854122161865
0.41885659098625183
0.4174727201461792
0.41822466254234314
0.420311838388443
0.4195098876953125
0.4215594232082367
0.41847798228263855
0.4185548722743988
0.42166653275489807
0.4215235710144043
0.4193258583545685
0.41884350776672363
0.4166218936443329
0.41745126247406006
0.41800135374069214
0.4208039939403534
0.4191330671310425
0.4170580804347992
0.4187822639942169
0.4160776138305664
0.41786184906959534
0.42416051030158997
0.42253342270851135
0.42013853788375854
0.41971561312675476
0.4168698787689209
0.4217178225517273
0.4184757173061371
0.419364333152771
0.4218493402004242
0.4209577441215515
0.4194478392601013
0.4166908860206604
0.41865837574005127
0.4196779429912567
0.4190177321434021
0.41933563351631165
0.41785764694213867
0.418973833322525
0.4156850278377533
0.42055776715278625
0.41900986433029175
0.41803938150405884
0.41705945134162903
0.42045480012893677
0.4184815287590027
0.4157106578350067
0.4193836748600006
0.4172826111316681
0.4190610349178314
0.4207528233528137
0.4181937575340271
0.418263703584671
0.4172724485397339
0.4160864055156708
0.4182754158973694
0.3921491205692291
0.37648752331733704
0.36870527267456055
0.36366918683052063
0.35780513286590576
0.35360458493232727
0.3495692014694214
0.3449125289916992
0.3414023518562317
0.33689936995506287
0.3341854214668274
0.3285907506942749
0.32858994603157043
0.3246130049228668
0.3203660547733307
0.31891027092933655
0.3161807358264923
0.3132668137550354
0.3122132420539856
0.3106924891471863
0.3048528730869293
0.3063982129096985
0.30507418513298035
0.3016865849494934
0.3013421297073364
0.2972964644432068
0.29506972432136536
0.29578065872192383
0.29365262389183044
0.2923744022846222
0.29113131761550903
0.29200631380081177
0.2889383137226105
0.2885223925113678
0.2856391370296478
0.2853977382183075
0.28563597798347473
0.2826409637928009
0.28212636709213257
0.28168416023254395
0.2823213040828705
0.2792493402957916
0.27739256620407104
0.27771812677383423
0.2772253155708313
0.2753201127052307
0.2783852219581604
0.27435460686683655
0.2729218006134033
0.2735253572463989
0.27274999022483826
0.2703074812889099
0.27070385217666626
0.2691078782081604
0.26949167251586914
0.27023473381996155
0.2705205976963043
0.2683976888656616
0.2646220326423645
0.26583340764045715
0.2627088129520416
0.2638886570930481
0.266634076833725
0.265739768743515
0.2638973891735077
0.262485146522522
0.26092106103897095
0.26091623306274414
0.2604731321334839
0.2634128928184509
0.2575426995754242
0.25848567485809326
0.25866812467575073
0.2576608657836914
0.2619354724884033
0.25618043541908264
0.25896134972572327
0.25853127241134644
0.2548297345638275
0.25689515471458435
0.25307726860046387
0.25698724389076233
0.2535822093486786
0.2564053535461426
0.2550049424171448
0.2545776963233948
0.2556167542934418
0.2530284821987152
0.25251004099845886
0.2524651885032654
0.25452733039855957
0.25053149461746216
0.2508356273174286
0.25265073776245117
0.25048598647117615
0.2525283098220825
0.2513413429260254
0.250400185585022
0.24909865856170654
0.24965016543865204
0.2499372959136963
0.2503925561904907
0.250344842672348
0.24649102985858917
0.24651531875133514
0.25014084577560425
0.24437519907951355
0.2460016906261444
0.2460462599992752
0.24584293365478516
0.24901913106441498
0.24685657024383545
0.24510055780410767
0.24446266889572144
0.24700553715229034
0.245737224817276
0.24471643567085266
0.24553817510604858
0.24345912039279938
0.24282413721084595
0.24242199957370758
0.24297207593917847
0.24314434826374054
0.24104194343090057
0.24298657476902008
0.24430976808071136
0.242252916097641
0.24266216158866882
0.24185650050640106
0.2428736388683319
0.23970694839954376
0.24209128320217133
0.2399611622095108
0.23924964666366577
0.23771196603775024
0.24056822061538696
0.24216943979263306
0.24080108106136322
0.23975659906864166
0.24136526882648468
0.23858419060707092
0.24032968282699585
0.23824189603328705
0.2398713380098343
0.23525789380073547
0.2413865029811859
0.2390408217906952
0.2393130511045456
0.24140779674053192
0.23933638632297516
0.2371819019317627
0.23790472745895386
0.23318995535373688
0.23683999478816986
0.2380652129650116
0.23602895438671112
0.23701873421669006
0.2366495281457901
0.23850300908088684
0.23368816077709198
0.2356993407011032
0.2318674623966217
0.23446093499660492
0.2356761246919632
0.23589614033699036
0.23548324406147003
0.23609130084514618
0.23463018238544464
0.23268084228038788
0.23650874197483063
0.23495598137378693
0.23363171517848969
0.23504242300987244
0.23188476264476776
0.2331269532442093
0.23243896663188934
0.2353522926568985
0.23310299217700958
0.2320026159286499
0.23193448781967163
0.2334975004196167
0.2315339595079422
0.2324308454990387
0.23113957047462463
0.23167620599269867
0.2325577586889267
0.2315947264432907
0.23279355466365814
0.23394270241260529
0.23271043598651886
0.2292478084564209
0.23254115879535675
0.23040537536144257
0.23323290050029755
0.2312649041414261
0.22813493013381958
0.22836463153362274
0.22990138828754425
0.2309671938419342
0.23233477771282196
0.2286377102136612
0.2288467139005661
0.22689002752304077
0.23354175686836243
0.22851276397705078
0.23129360377788544
0.23031926155090332
0.22945153713226318
0.22925607860088348
0.22718581557273865
0.23036985099315643
0.22901557385921478
0.230417400598526
0.22780747711658478
0.2289056032896042
0.22790110111236572
0.22790829837322235
0.22963708639144897
0.22752435505390167
0.23089785873889923
0.22797726094722748
0.2263631373643875
0.22486421465873718
0.22618763148784637
0.22643114626407623
0.2254834771156311
0.22533077001571655
0.22659698128700256
0.22662010788917542
0.2286595106124878
0.22465306520462036
0.22531236708164215
0.22539150714874268
0.22593383491039276
0.225690096616745
0.22394950687885284
0.22615289688110352
0.23043152689933777
0.22622409462928772
0.22679536044597626
0.2254331111907959
0.22440029680728912
0.22285254299640656
0.2253057062625885
0.22262991964817047
0.22677461802959442
0.22692738473415375
0.22418230772018433
0.2250330001115799
0.22592702507972717
0.22523146867752075
0.22309377789497375
0.22504164278507233
0.2225184291601181
0.22342732548713684
0.2251247763633728
0.22293394804000854
0.22220921516418457
0.22476762533187866
0.22239865362644196
0.223004549741745
0.22316965460777283
0.22469501197338104
0.2220630645751953
0.22114336490631104
0.22615180909633636
0.21948443353176117
0.2243170142173767
0.22145169973373413
0.22639162838459015
0.2241959124803543
0.22351203858852386
0.22383004426956177
0.22328345477581024
0.22256089746952057
0.22220943868160248
0.22427667677402496
0.21905767917633057
0.22105324268341064
0.2216297686100006
0.2200274020433426
0.22143706679344177
0.22244396805763245
0.222370907664299
0.21955563127994537
0.22227263450622559
0.2232988029718399
0.21941405534744263
0.21864554286003113
0.22029805183410645
0.22025299072265625
0.220356747508049
0.22296148538589478
0.22323960065841675
0.2212570458650589
0.21966597437858582
0.22192497551441193
0.22149118781089783
0.21632595360279083
0.2189323902130127
0.22035640478134155
0.21697932481765747
0.2201092690229416
0.22078180313110352
0.2182740420103073
0.22235989570617676
0.21809546649456024
0.21676112711429596
0.21894951164722443
0.21715252101421356
0.22076790034770966
0.21845123171806335
0.2195756882429123
0.21853502094745636
0.220598042011261
0.22109146416187286
0.2193731963634491
0.21794654428958893
0.22191709280014038
0.21852122247219086
0.2186165750026703
0.21778465807437897
0.21861416101455688
0.21770557761192322
0.22001728415489197
0.21906505525112152
0.2186650186777115
0.21542921662330627
0.21691881120204926
0.21853458881378174
0.2162395864725113
0.21815373003482819
0.2222987413406372
0.21620319783687592
0.21965642273426056
0.21753905713558197
0.21506604552268982
0.21755273640155792
0.2178601622581482
0.21833398938179016
0.21532589197158813
0.21825291216373444
0.2176610827445984
0.21812598407268524
0.21700285375118256
0.21555984020233154
0.2184572070837021
0.21913473308086395
0.21506063640117645
0.2147231251001358
0.21623776853084564
0.21811337769031525
0.21556350588798523
0.2180618792772293
0.2150321900844574
0.21707384288311005
0.21549247205257416
0.2159254550933838
0.21448354423046112
0.2169647216796875
0.21735340356826782
0.21394874155521393
0.21532747149467468
0.21629118919372559
0.21629320085048676
0.2164984494447708
0.2155105322599411
0.21710042655467987
0.217488631606102
0.21424199640750885
0.21498674154281616
0.21732720732688904
0.2167074829339981
0.2139344960451126
0.2162938416004181
0.21629546582698822
0.21324321627616882
0.21451295912265778
0.2150995284318924
0.21415217220783234
0.21129633486270905
0.21275752782821655
0.21398331224918365
0.2167917937040329
0.21552526950836182
0.2150321751832962
0.2137671411037445
0.2149377316236496
0.21333472430706024
0.21227410435676575
0.216861292719841
0.21545656025409698
0.2128056287765503
0.21368883550167084
0.21027922630310059
0.2121938169002533
0.21261273324489594
0.21091964840888977
0.2138524353504181
0.2173663228750229
0.21225376427173615
0.21554625034332275
0.21114063262939453
0.21373195946216583
0.21370366215705872
0.21608766913414001
0.21256747841835022
0.2160414755344391
0.21230612695217133
0.21307367086410522
0.21468397974967957
0.2127561867237091
0.21232731640338898
0.2120790034532547
0.21082770824432373
0.2138066291809082
0.21369774639606476
0.21574893593788147
0.2143966406583786
0.21259824931621552
0.21217460930347443
0.2103039026260376
0.21301527321338654
0.21248501539230347
0.21062253415584564
0.2117917537689209
0.21381746232509613
0.21543477475643158
0.21371611952781677
0.21304169297218323
0.211323082447052
0.2096310555934906
0.21362246572971344
0.21270164847373962
0.21520239114761353
0.21150438487529755
0.2124517261981964
0.21066640317440033
0.21440649032592773
0.2137366235256195
0.21398386359214783
0.21236276626586914
0.21276222169399261
0.21325476467609406
0.20778951048851013
0.21162022650241852
0.2113565355539322
0.21429678797721863
0.21200965344905853
0.20968210697174072
0.2102997750043869
0.21424110233783722
0.21197380125522614
0.2113894671201706
0.2080889493227005
0.2118159532546997
0.21184982359409332
0.20927928388118744
0.2095227837562561
0.2105845808982849
0.2117229849100113
0.21350014209747314
0.21173304319381714
0.21099019050598145
0.21332696080207825
0.21120621263980865
0.20881155133247375
0.21062453091144562
0.2095484435558319
0.20924781262874603
0.21319928765296936
0.21094417572021484
0.20857463777065277
0.21262186765670776
0.20923775434494019
0.20991677045822144
0.21217289566993713
0.21198230981826782
0.2085328847169876
0.20834191143512726
0.20874901115894318
0.2102007120847702
0.2113271951675415
0.20939140021800995
0.2106400579214096
0.21108782291412354
0.21139875054359436
0.20701222121715546
0.2101462483406067
0.208540141582489
0.20855768024921417
0.20924031734466553
0.20756998658180237
0.21190239489078522
0.21045833826065063
0.2101835310459137
0.21012145280838013
0.2093849629163742
0.20841310918331146
0.20932434499263763
0.2096102088689804
0.20920023322105408
0.20669877529144287
0.20922493934631348
0.2071731984615326
0.20745383203029633
0.20706026256084442
0.2086559236049652
0.20967262983322144
0.20967848598957062
0.20866358280181885
0.20429132878780365
0.20642675459384918
0.20593830943107605
0.208904430270195
0.20958606898784637
0.21001015603542328
0.20979845523834229
0.2077237367630005
0.2077927589416504
0.21071112155914307
0.20783750712871552
0.2062043994665146
0.2064124494791031
0.20709030330181122
0.2071043848991394
0.20655807852745056
0.21126843988895416
0.2082572728395462
0.20773841440677643
0.2075975090265274
0.2081872522830963
0.210621178150177
0.20549969375133514
0.20734961330890656
0.20782308280467987
0.20935483276844025
0.2082211971282959
0.20923849940299988
0.20776015520095825
0.21031880378723145
0.20545066893100739
0.2075878083705902
0.20856261253356934
0.206755131483078
0.20788592100143433
0.2072829306125641
0.2093389630317688
0.20987722277641296
0.20825867354869843
0.20880749821662903
0.20636774599552155
0.2085774838924408
0.20651504397392273
0.20563147962093353
0.21004898846149445
0.20851165056228638
0.20667754113674164
0.20623750984668732
0.21059857308864594
0.20813578367233276
0.20687414705753326
0.2068483978509903
0.20588792860507965
0.21175646781921387
0.20709365606307983
0.20585602521896362
0.20762355625629425
0.2034642994403839
0.20736967027187347
0.20543581247329712
0.20944543182849884
0.20612004399299622
0.21064381301403046
0.21035651862621307
0.20497556030750275
0.2073560357093811
0.20863299071788788
0.20680969953536987
0.20831237733364105
0.20385998487472534
0.20518270134925842
0.20484286546707153
0.20655590295791626
0.20711000263690948
0.20563341677188873
0.20857039093971252
0.20692746341228485
0.20496556162834167
0.2058824896812439
0.20701725780963898
0.2057904750108719
0.2060382068157196
0.20614773035049438
0.20693060755729675
0.20442984998226166
0.20377284288406372
0.20682747662067413
0.2057550549507141
0.20624896883964539
0.20750467479228973
0.20620925724506378
0.2045612782239914
0.20482949912548065
0.2048412561416626
0.20734377205371857
0.205691859126091
0.2020164430141449
0.20460650324821472
0.20467408001422882
0.20685358345508575
0.20408719778060913
0.20469257235527039
0.2054656744003296
0.20817376673221588
0.20602159202098846
0.2052914947271347
0.20451384782791138
0.2061474472284317
0.20263727009296417
0.20681673288345337
0.2047085464000702
0.20314055681228638
0.20489196479320526
0.20313388109207153
0.20524510741233826
0.2077912837266922
0.20440511405467987
0.20248045027256012
0.20831447839736938
0.20405901968479156
0.2056325525045395
0.2073696106672287
0.20492544770240784
0.20455493032932281
0.20505459606647491
0.20736166834831238
0.20317071676254272
0.20435768365859985
0.20607462525367737
0.2045450657606125
0.2044314444065094
0.20310182869434357
0.20600637793540955
0.20410792529582977
0.2048608958721161
0.20255136489868164
0.2059374898672104
0.204083651304245
0.20051969587802887
0.20376792550086975
0.20477716624736786
0.20655393600463867
0.20463885366916656
0.2072438895702362
0.20451392233371735
0.20621921122074127
0.20390839874744415
0.2034839391708374
0.20387150347232819
0.206704780459404
0.2027708739042282
0.2067599892616272
0.20542408525943756
0.20325899124145508
0.20674702525138855
0.2026856541633606
0.20592132210731506
0.2043309360742569
0.20489005744457245
0.20119725167751312
0.20481820404529572
0.2034071534872055
0.20718081295490265
0.20060957968235016
0.20376788079738617
0.20438635349273682
0.20606686174869537
0.20426177978515625
0.2022286355495453
0.1994849145412445
0.20363271236419678
0.20613157749176025
0.20305803418159485
0.20427675545215607
0.20267485082149506
0.20522679388523102
0.20253406465053558
0.20305968821048737
0.1986069232225418
0.20067937672138214
0.2047519087791443
0.20357561111450195
0.20450106263160706
0.20335574448108673
0.20214970409870148
0.20211161673069
0.2036522924900055
0.2009115368127823
0.2033032774925232
0.20498380064964294
0.19992484152317047
0.20305083692073822
0.20362137258052826
0.20447982847690582
0.2019963562488556
0.2039184719324112
0.2046612948179245
0.20070748031139374
0.20372694730758667
0.20521502196788788
0.20178967714309692
0.20424744486808777
0.20382490754127502
0.20018039643764496
0.20047609508037567
0.20643818378448486
0.20213310420513153
0.20383889973163605
0.20349064469337463
0.20393043756484985
0.20484398305416107
0.20312251150608063
0.20266376435756683
0.20626004040241241
0.20211313664913177
0.20506742596626282
0.20270352065563202
0.2003522664308548
0.20278851687908173
0.19962908327579498
0.20284491777420044
0.20300854742527008
0.2039264440536499
0.20128467679023743
0.20437739789485931
0.2033974677324295
0.2022545337677002
0.20393727719783783
0.20009367167949677
0.1996232569217682
0.20415811240673065
0.20201557874679565
0.2015860229730606
0.20555177330970764
0.20363812148571014
0.1999123990535736
0.20011739432811737
0.1995101124048233
0.2036699652671814
0.20065881311893463
0.20030730962753296
0.20176996290683746
0.20092205703258514
0.19963324069976807
0.19938871264457703
0.20095805823802948
0.20223237574100494
0.20392096042633057
0.19959257543087006
0.20008274912834167
0.2008160799741745
0.20180729031562805
0.20189343392848969
0.19905637204647064
0.20116345584392548
0.20259012281894684
0.2008708417415619
0.20183812081813812
0.20270226895809174
0.20118699967861176
0.2021259069442749
0.2001935988664627
0.20025648176670074
0.2039589136838913
0.20359967648983002
0.20196658372879028
0.20288784801959991
0.19906660914421082
0.20101484656333923
0.20166824758052826
0.20217891037464142
0.20045813918113708
0.19922582805156708
0.20078903436660767
0.20029982924461365
0.20169392228126526
0.20258426666259766
0.2031010389328003
0.20114290714263916
0.1986190229654312
0.19921305775642395
0.2014901489019394
0.20080459117889404
0.19815205037593842
0.2016657292842865
0.20105189085006714
0.1988288164138794
0.2037179172039032
0.20564502477645874
0.2005513459444046
0.20039141178131104
0.19937707483768463
0.19937320053577423
0.2016078233718872
0.20085568726062775
0.20058463513851166
0.20138642191886902
0.20019841194152832
0.20069609582424164
0.20044201612472534
0.20070300996303558
0.20210497081279755
0.1999696046113968
0.20209619402885437
0.19803792238235474
0.202376589179039
0.19786399602890015
0.19977672398090363
0.19927315413951874
0.20010606944561005
0.20095400512218475
0.20015990734100342
0.2012513428926468
0.20114265382289886
0.20241641998291016
0.19884562492370605
0.2003740668296814
0.19890591502189636
0.203765869140625
0.20434129238128662
0.20046502351760864
0.19661900401115417
0.1989085078239441
0.20058412849903107
0.20208610594272614
0.20501810312271118
0.20073893666267395
0.19687794148921967
0.2002411186695099
0.19882886111736298
0.20049326121807098
0.19827163219451904
0.19639050960540771
0.20034952461719513
0.20111708343029022
0.2006581872701645
0.20203255116939545
0.19800952076911926
0.20244969427585602
0.19829609990119934
0.19849897921085358
0.19761024415493011
0.19935134053230286
0.19934269785881042
0.20082035660743713
0.20319640636444092
0.19773326814174652
0.1992664784193039
0.20153269171714783
0.20358295738697052
0.19658423960208893
0.2023349553346634
0.20019546151161194
0.19758541882038116
0.1993481069803238
0.20018568634986877
0.1989872306585312
0.2008177787065506
0.1977575719356537
0.20030036568641663
0.1996985822916031
0.197942852973938
0.2001420557498932
0.1983642280101776
0.1989235132932663
0.1962663233280182
0.1983335316181183
0.19915801286697388
0.20029298961162567
0.2004069983959198
0.19986124336719513
0.19996556639671326
0.19954010844230652
0.199281245470047
0.19736255705356598
0.20031054317951202
0.20388378202915192
0.19877617061138153
0.19857382774353027
0.20125429332256317
0.1949092596769333
0.19922886788845062
0.19847404956817627
0.1983942687511444
0.19979049265384674
0.20030812919139862
0.2012075036764145
0.1969044804573059
0.20080962777137756
0.2008248269557953
0.20144538581371307
0.2004539966583252
0.19954735040664673
0.20013275742530823
0.19958679378032684
0.20002855360507965
0.19961145520210266
0.19923004508018494
0.200140580534935
0.19648070633411407
0.19793078303337097
0.20021913945674896
0.20226417481899261
0.19794121384620667
0.1990773230791092
0.2024545520544052
0.19996154308319092
0.19840973615646362
0.19929900765419006
0.20074620842933655
0.19911083579063416
0.1959233582019806
0.19845274090766907
0.1987006962299347
0.198465496301651
0.2000884711742401
0.19850663840770721
0.20146283507347107
0.19880498945713043
0.20070314407348633
0.19766753911972046
0.19984227418899536
0.19654446840286255
0.19762066006660461
0.2006513774394989
0.1988328993320465
0.1972922384738922
0.1977241039276123
0.19760051369667053
0.1985369324684143
0.19859671592712402
0.19789688289165497
0.19615580141544342
0.1995183825492859
0.20163215696811676
0.19824831187725067
0.19835612177848816
0.19374696910381317
0.19837483763694763
0.19917219877243042
0.19827957451343536
0.19805383682250977
0.20142795145511627
0.19936327636241913
0.2008129209280014
0.1980533003807068
0.19603188335895538
0.20277883112430573
0.20002415776252747
0.20069630444049835
0.198710098862648
0.19736947119235992
0.19999751448631287
0.19832637906074524
0.19905616343021393
0.19911055266857147
0.2012758105993271
0.1994156837463379
0.1947827786207199
0.2019442766904831
0.19804079830646515
0.19739289581775665
0.20025095343589783
0.1943247765302658
0.2013457715511322
0.20287947356700897
0.20241916179656982
0.19743198156356812
0.19869396090507507
0.19620788097381592
0.19660530984401703
0.19754870235919952
0.19703693687915802
0.19909146428108215
0.20102255046367645
0.19840605556964874
0.19740907847881317
0.1966659277677536
0.19610849022865295
0.20012134313583374
0.19698236882686615
0.19596625864505768
0.1985107958316803
0.19892364740371704
0.19935841858386993
0.19910041987895966
0.19740056991577148
0.19779089093208313
0.20025891065597534
0.1963818520307541
0.1985377073287964
0.1970510333776474
0.19628092646598816
0.19895388185977936
0.19753919541835785
0.1964469701051712
0.19640681147575378
0.19627422094345093
0.19602373242378235
0.1993914246559143
0.19814947247505188
0.1985592544078827
0.19834986329078674
0.19484472274780273
0.1957414150238037
0.2006935179233551
0.19694803655147552
0.1985015571117401
0.1964101493358612
0.1970919370651245
0.19679448008537292
0.19950272142887115
0.19672872126102448
0.19722865521907806
0.196539968252182
0.19831717014312744
0.19526809453964233
0.19529856741428375
0.19674956798553467
0.1959218680858612
0.20149727165699005
0.19648897647857666
0.19463284313678741
0.19383516907691956
0.19812995195388794
0.19639481604099274
0.19714447855949402
0.1960333287715912
0.19784003496170044
0.19902338087558746
0.19495508074760437
0.19605015218257904
0.1954525113105774
0.19818484783172607
0.19552813470363617
0.19566626846790314
0.19574595987796783
0.1963823437690735
0.1961955577135086
0.1976342499256134
0.1957818567752838
0.19832240045070648
0.19869844615459442
0.19701527059078217
0.19596196711063385
0.19713567197322845
0.19471219182014465
0.1951526552438736
0.19543661177158356
0.19967332482337952
0.1966482251882553
0.19570520520210266
0.19496862590312958
0.1970454454421997
0.19247455894947052
0.1960206925868988
0.19497016072273254
0.19815590977668762
0.19579823315143585
0.19571466743946075
0.1943489909172058
0.19523338973522186
0.19759824872016907
0.19453106820583344
0.19568929076194763
0.19642621278762817
0.19253553450107574
0.19775058329105377
0.19624847173690796
0.19648008048534393
0.19437824189662933
0.19287249445915222
0.19449448585510254
0.19985324144363403
0.19580864906311035
0.19608059525489807
0.1964116245508194
0.19667814671993256
0.19223441183567047
0.19530466198921204
0.1943228393793106
0.19563469290733337
0.19650334119796753
0.20023898780345917
0.19769640266895294
0.1971612572669983
0.19631963968276978
0.19853650033473969
0.19494494795799255
0.19501890242099762
0.19703719019889832
0.19538399577140808
0.19910003244876862
0.1972419023513794
0.1946164220571518
0.19243685901165009
0.19688034057617188
0.19675105810165405
0.19632937014102936
0.19662027060985565
0.19486063718795776
0.193954735994339
0.199823260307312
0.19439689815044403
0.19569382071495056
0.19831883907318115
0.19836488366127014
0.19644086062908173
0.1966310292482376
0.1968700885772705
0.19808131456375122
0.19586390256881714
0.19532473385334015
0.19326342642307281
0.19442951679229736
0.19578371942043304
0.1948625147342682
0.1953975260257721
0.1963314414024353
0.19447515904903412
0.19379432499408722
0.193709596991539
0.19757340848445892
0.1946267932653427
0.19687750935554504
0.1961933821439743
0.1963072419166565
0.19770532846450806
0.1959344446659088
0.19974161684513092
0.1957264393568039
0.19243007898330688
0.19306476414203644
0.19741086661815643
0.19272641837596893
0.1941830813884735
0.1963762789964676
0.19608354568481445
0.19643110036849976
0.19751891493797302
0.19514042139053345
0.196829155087471
0.19693735241889954
0.19570636749267578
0.1951771080493927
0.1938805878162384
0.19605959951877594
0.1946520209312439
0.19658492505550385
0.19689631462097168
0.19342531263828278
0.19261419773101807
0.19552549719810486
0.1948876678943634
0.19308707118034363
0.1976037621498108
0.19619767367839813
0.1958148330450058
0.1932622492313385
0.19553932547569275
0.1944146752357483
0.1942945122718811
0.1953689008951187
0.19646906852722168
0.19696851074695587
0.19292178750038147
0.20122896134853363
0.19589941203594208
0.19614672660827637
0.19756345450878143
0.19559377431869507
0.19478633999824524
0.196324422955513
0.19366145133972168
0.19193482398986816
0.19503317773342133
0.19236686825752258
0.1925777792930603
0.19630788266658783
0.19494308531284332
0.1947382241487503
0.19582539796829224
0.19732511043548584
0.19692173600196838
0.19370423257350922
0.19290687143802643
0.19597457349300385
0.19326047599315643
0.19508200883865356
0.19788803160190582
0.19296833872795105
0.19485387206077576
0.19846180081367493
0.19374555349349976
0.19321362674236298
0.19299745559692383
0.19249962270259857
0.19705024361610413
0.1939966231584549
0.19472011923789978
0.1959804892539978
0.19534718990325928
0.19542278349399567
0.19691777229309082
0.1928032636642456
0.19513091444969177
0.1917233169078827
0.19498753547668457
0.1953178346157074
0.1931338608264923
0.1890663057565689
0.1923590749502182
0.1905941367149353
0.19427448511123657
0.19240380823612213
0.19565996527671814
0.19513486325740814
0.1955249309539795
0.19535712897777557
0.1927945762872696
0.19299957156181335
0.19246037304401398
0.19295300543308258
0.19322289526462555
0.1949777603149414
0.19736604392528534
0.1922798603773117
0.19547413289546967
0.19466537237167358
0.19238395988941193
0.1947406381368637
0.19173111021518707
0.1950526088476181
0.1934289038181305
0.19720259308815002
0.19853581488132477
0.1950317621231079
0.19599080085754395
0.19351595640182495
0.19538787007331848
0.19614402949810028
0.19426849484443665
0.1963997632265091
0.19193097949028015
0.19045597314834595
0.19345447421073914
0.19189654290676117
0.1925261914730072
0.19879287481307983
0.19743448495864868
0.19118836522102356
0.1942424476146698
0.18974436819553375
0.19457396864891052
0.19267646968364716
0.19545137882232666
0.19277623295783997
0.19678270816802979
0.19456137716770172
0.19062738120555878
0.19266682863235474
0.1921190321445465
0.19242160022258759
0.1947704404592514
0.19348876178264618
0.19359178841114044
0.19312678277492523
0.19579653441905975
0.19690999388694763
0.19350971281528473
0.19342021644115448
0.19296832382678986
0.19349899888038635
0.193386510014534
0.19329553842544556
0.1926766037940979
0.19497911632061005
0.1931673288345337
0.1954183280467987
0.19478240609169006
0.19391590356826782
0.19482935965061188
0.19297093152999878
0.19617728888988495
0.19169655442237854
0.1973934769630432
0.19331756234169006
0.19579440355300903
0.19576500356197357
0.193359375
0.19555364549160004
0.19601498544216156
0.19284607470035553
0.19341003894805908
0.19257740676403046
0.19452926516532898
0.19216862320899963
0.19295050203800201
0.19270016252994537
0.19423216581344604
0.19389081001281738
0.194142684340477
0.19663193821907043
0.1933646947145462
0.19234690070152283
0.19331450760364532
0.1934259831905365
0.19462519884109497
0.195759117603302
0.19210204482078552
0.19300566613674164
0.19271685183048248
0.19417862594127655
0.1915067583322525
0.19403520226478577
0.19433104991912842
0.20004460215568542
0.19393330812454224
0.19796057045459747
0.19193035364151
0.19358345866203308
0.1926848590373993
0.19398342072963715
0.19351664185523987
0.19504673779010773
0.19430537521839142
0.19192995131015778
0.19153714179992676
0.19532355666160583
0.19296304881572723
0.19308672845363617
0.1915937215089798
0.19241106510162354
0.19457164406776428
0.1909763067960739
0.19407889246940613
0.19303539395332336
0.1944276988506317
0.1957271546125412
0.19251394271850586
0.19232162833213806
0.19605547189712524
0.1939399093389511
0.1934642195701599
0.19497422873973846
0.1950620710849762
0.19261105358600616
0.19728557765483856
0.19561514258384705
0.19614295661449432
0.18854351341724396
0.1925438791513443
0.19267460703849792
0.19458572566509247
0.1936548948287964
0.19800718128681183
0.19017696380615234
0.19392114877700806
0.19152529537677765
0.19427697360515594
0.19049130380153656
0.19484205543994904
0.19181641936302185
0.19503916800022125
0.19329644739627838
0.19678153097629547
0.19074556231498718
0.19417549669742584
0.19388194382190704
0.19413639605045319
0.19366849958896637
0.19470876455307007
0.19035129249095917
0.19195930659770966
0.19050908088684082
0.19289380311965942
0.19688433408737183
0.1936432421207428
0.19294464588165283
0.1931046098470688
0.19248263537883759
0.195001482963562
0.18967075645923615
0.19387221336364746
0.1932334154844284
0.19275876879692078
0.19353045523166656
0.1898510754108429
0.19247309863567352
0.19264568388462067
0.192962646484375
0.1929696947336197
0.1902223825454712
0.19314835965633392
0.18977440893650055
0.19431494176387787
0.1930454969406128
0.19386765360832214
0.19343744218349457
0.19525812566280365
0.19248807430267334
0.19367937743663788
0.19111937284469604
0.19546295702457428
0.1915932148694992
0.19174394011497498
0.1915208399295807
0.1921519786119461
0.19350318610668182
0.1936330795288086
0.19345583021640778
0.19107019901275635
0.19378627836704254
0.19064827263355255
0.19331195950508118
0.18966348469257355
0.19045767188072205
0.1920681595802307
0.19329604506492615
0.19335046410560608
0.19593757390975952
0.19238898158073425
0.193390890955925
0.19087746739387512
0.19086140394210815
0.18987543880939484
0.19528566300868988
0.19440516829490662
0.19465047121047974
0.19187834858894348
0.19225943088531494
0.19375333189964294
0.18934296071529388
0.1925484836101532
0.19170808792114258
0.19095587730407715
0.18889984488487244
0.19013166427612305
0.18976369500160217
0.1950344294309616
0.18921077251434326
0.18960174918174744
0.1928502768278122
0.19629734754562378
0.1924399584531784
0.19171418249607086
0.194807231426239
0.19235363602638245
0.19193615019321442
0.19322510063648224
0.19413256645202637
0.19117119908332825
0.19061461091041565
0.19314540922641754
0.19640834629535675
0.19356782734394073
0.1948893666267395
0.19318225979804993
0.18933522701263428
0.19036687910556793
0.18863144516944885
0.19090497493743896
0.19288498163223267
0.19127753376960754
0.19204126298427582
0.19396741688251495
0.19240686297416687
0.19209948182106018
0.19270581007003784
0.19007815420627594
0.1928350329399109
0.19374589622020721
0.19087709486484528
0.19278018176555634
0.19053436815738678
0.19143301248550415
0.19459058344364166
0.1920848786830902
0.1914430409669876
0.19202163815498352
0.19098375737667084
0.19277769327163696
0.19421400129795074
0.1906818449497223
0.1945008933544159
0.1929493397474289
0.18995805084705353
0.19463291764259338
0.19452770054340363
0.19340986013412476
0.19183774292469025
0.19317100942134857
0.19228056073188782
0.1887694001197815
0.195986807346344
0.19026832282543182
0.1904279887676239
0.19239024817943573
0.18997055292129517
0.19175396859645844
0.18932901322841644
0.19034093618392944
0.19160126149654388
0.1901577264070511
0.1943025439977646
0.1896115392446518
0.18783248960971832
0.19287921488285065
0.1886291354894638
0.1931021511554718
0.195835679769516
0.19069527089595795
0.1891390085220337
0.19271764159202576
0.19029317796230316
0.19173705577850342
0.19930757582187653
0.19054944813251495
0.188882976770401
0.19099070131778717
0.19079026579856873
0.19089721143245697
0.19171100854873657
0.19261831045150757
0.19305923581123352
0.18859688937664032
0.19215570390224457
0.19187721610069275
0.19195722043514252
0.18757063150405884
0.19248370826244354
0.19630439579486847
0.18987862765789032
0.18957817554473877
0.19504418969154358
0.1925688087940216
0.19166772067546844
0.18998730182647705
0.19289281964302063
0.18881462514400482
0.18833200633525848
0.1908864825963974
0.1931799352169037
0.19223308563232422
0.1923130750656128
0.1894080638885498
0.18982599675655365
0.1915290653705597
0.19009587168693542
0.19422437250614166
0.19035223126411438
0.19061444699764252
0.1925622820854187
0.1921912133693695
0.19154058396816254
0.19045495986938477
0.1908959299325943
0.1897861808538437
0.1903126835823059
0.18998394906520844
0.19211186468601227
0.19545352458953857
0.188592791557312
0.19435745477676392
0.19284941256046295
0.19118745625019073
0.19050070643424988
0.18924349546432495
0.19001246988773346
0.19339656829833984
0.19207686185836792
0.19243809580802917
0.19181571900844574
0.19890853762626648
0.19064751267433167
0.19207043945789337
0.19249539077281952
0.19103233516216278
0.18928082287311554
0.187737837433815
0.18860191106796265
0.192080557346344
0.1904880553483963
0.1906670331954956
0.19367799162864685
0.19062595069408417
0.19225656986236572
0.18904417753219604
0.1884969025850296
0.19212590157985687
0.19313359260559082
0.19065597653388977
0.19091498851776123
0.19134002923965454
0.18945081532001495
0.19049698114395142
0.19088882207870483
0.19142232835292816
0.18868696689605713
0.1911679208278656
0.19099757075309753
0.19224241375923157
0.19101844727993011
0.19281531870365143
0.191657155752182
0.18927037715911865
0.19211052358150482
0.19333292543888092
0.19237199425697327
0.19289502501487732
0.18945592641830444
0.19095315039157867
0.19063928723335266
0.19071204960346222
0.1890595704317093
0.18788406252861023
0.18976669013500214
0.18813352286815643
0.19172151386737823
0.19289173185825348
0.19119778275489807
0.19246314465999603
0.1901940107345581
0.19294427335262299
0.19176124036312103
0.19043822586536407
0.1907019317150116
0.18868966400623322
0.1915607750415802
0.1910279393196106
0.19440770149230957
0.19208841025829315
0.19481167197227478
0.19254201650619507
0.1917298585176468
0.19114655256271362
0.18971553444862366
0.1932043731212616
0.19557178020477295
0.19452090561389923
0.19031119346618652
0.19045457243919373
0.1902790516614914
0.19104605913162231
0.1931084543466568
0.19214610755443573
0.19163420796394348
0.18935629725456238
0.19095060229301453
0.19073879718780518
0.19184641540050507
0.19156643748283386
0.1892434060573578
0.19290080666542053
0.19270578026771545
0.19110539555549622
0.19351832568645477
0.19141677021980286
0.19078658521175385
0.1886005997657776
0.18891748785972595
0.1909160166978836
0.19484056532382965
0.1945468634366989
0.19175706803798676
0.19134929776191711
0.19281744956970215
0.19309398531913757
0.19117297232151031
0.1891993284225464
0.1915602833032608
0.18884138762950897
0.18739449977874756
0.1900927722454071
0.1909487098455429
0.19082596898078918
0.18879303336143494
0.1901606023311615
0.1936621218919754
0.19169582426548004
0.18900218605995178
0.1915443390607834
0.18941980600357056
0.19134920835494995
0.1933237463235855
0.1888863444328308
0.19309867918491364
0.18907207250595093
0.19025161862373352
0.18954342603683472
0.194255068898201
0.18985386192798615
0.19177937507629395
0.19388894736766815
0.1925262063741684
0.1928795427083969
0.19228988885879517
0.19315166771411896
0.1894684135913849
0.19117926061153412
0.18953683972358704
0.19415289163589478
0.18826963007450104
0.19142857193946838
0.1913587599992752
0.19108831882476807
0.1916101723909378
0.19188697636127472
0.18874023854732513
0.19079189002513885
0.19030199944972992
0.18794304132461548
0.18944773077964783
0.1916026622056961
0.19259917736053467
0.18966171145439148
0.18958613276481628
0.18980976939201355
0.18865635991096497
0.19160901010036469
0.1906323879957199
0.19109013676643372
0.1865626722574234
0.19179591536521912
0.19109614193439484
0.19269274175167084
0.19015121459960938
0.18909409642219543
0.18868154287338257
0.18920773267745972
0.18855953216552734
0.1920747607946396
0.18685020506381989
0.19108575582504272
0.1923271119594574
0.18900585174560547
0.18982602655887604
0.19136208295822144
0.1904199719429016
0.19073033332824707
0.19053709506988525
0.1908903867006302
0.19175490736961365
0.1898287981748581
0.19317080080509186
0.18953193724155426
0.19155360758304596
0.18853086233139038
0.19017519056797028
0.18967190384864807
0.1919512152671814
0.19023485481739044
0.1895248144865036
0.18864215910434723
0.19075630605220795
0.1881503015756607
0.18737094104290009
0.1899067759513855
0.18811561167240143
0.18692459166049957
0.191041961312294
0.18889573216438293
0.19031043350696564
0.1881403625011444
0.1929617077112198
0.18882283568382263
0.18734663724899292
0.18765348196029663
0.18961644172668457
0.19415535032749176
0.18901321291923523
0.18789075314998627
0.1893029808998108
0.18893173336982727
0.188725546002388
0.19071164727210999
0.18873265385627747
0.19082821905612946
0.18790802359580994
0.1895456612110138
0.1862395703792572
0.1905149668455124
0.1882566511631012
0.19134801626205444
0.18920005857944489
0.19096192717552185
0.19046850502490997
0.18685278296470642
0.18814533948898315
0.18820427358150482
0.18776436150074005
0.19205830991268158
0.19042977690696716
0.1899087280035019
0.18702392280101776
0.19205351173877716
0.18846288323402405
0.18807077407836914
0.19099274277687073
0.1896679550409317
0.19001491367816925
0.18653948605060577
0.18906289339065552
0.18899881839752197
0.18936702609062195
0.18720325827598572
0.19041989743709564
0.18891732394695282
0.19124358892440796
0.18701034784317017
0.19216160476207733
0.18948997557163239
0.1915152668952942
0.19018250703811646
0.19098559021949768
0.18834863603115082
0.1904248297214508
0.18836650252342224
0.18855947256088257
0.18625080585479736
0.1873607486486435
0.18835362792015076
0.1894632875919342
0.19027599692344666
0.18843553960323334
0.18880586326122284
0.1897955983877182
0.19102852046489716
0.18970678746700287
0.18797768652439117
0.19147010147571564
0.1890067160129547
0.18967115879058838
0.1897767335176468
0.19163401424884796
0.191400408744812
0.19190432131290436
0.18881011009216309
0.18812105059623718
0.18894092738628387
0.18834953010082245
0.1868424266576767
0.18904848396778107
0.18946856260299683
0.18946968019008636
0.18801766633987427
0.1894313544034958
0.18749898672103882
0.19008111953735352
0.18904562294483185
0.18814027309417725
0.18883691728115082
0.18967804312705994
0.19171538949012756
0.1894545704126358
0.18898442387580872
0.19130440056324005
0.18651485443115234
0.18806077539920807
0.18920792639255524
0.18894383311271667
0.18847788870334625
0.18713940680027008
0.1893979161977768
0.18869908154010773
0.19075503945350647
0.18879246711730957
0.18751350045204163
0.1878613829612732
0.19203872978687286
0.19074051082134247
0.18754689395427704
0.1901845782995224
0.18862202763557434
0.19370341300964355
0.188606858253479
0.18749205768108368
0.18768173456192017
0.1900087594985962
0.1898220032453537
0.18907886743545532
0.18682174384593964
0.1860540211200714
0.18987862765789032
0.1888110190629959
0.1910097450017929
0.19642865657806396
0.18836089968681335
0.18576279282569885
0.1861148625612259
0.18658162653446198
0.1921999156475067
0.19211168587207794
0.19022727012634277
0.18691523373126984
0.18751610815525055
0.1894611418247223
0.18796953558921814
0.18829600512981415
0.18758904933929443
0.19012533128261566
0.18694981932640076
0.1889992654323578
0.18779578804969788
0.1894540637731552
0.19005411863327026
0.19069400429725647
0.18785440921783447
0.18896953761577606
0.19065552949905396
0.18792399764060974
0.18621589243412018
0.1962490677833557
0.18715116381645203
0.18771052360534668
0.18949845433235168
0.1905931830406189
0.18833354115486145
0.18808020651340485
0.18942032754421234
0.19052894413471222
0.1895737648010254
0.187375009059906
0.19534024596214294
0.18718521296977997
0.18907128274440765
0.18675599992275238
0.1873246133327484
0.1909356713294983
0.18767185509204865
0.19043143093585968
0.18730556964874268
0.1878291368484497
0.18816044926643372
0.18848773837089539
0.1876765340566635
0.18695491552352905
0.19064143300056458
0.18907488882541656
0.19122210144996643
0.18984158337116241
0.18765579164028168
0.19123820960521698
0.18994703888893127
0.19100894033908844
0.18985503911972046
0.1891840398311615
0.18571141362190247
0.18799105286598206
0.18819548189640045
0.19136694073677063
0.1849357783794403
0.18995600938796997
0.189103901386261
0.18890617787837982
0.18735498189926147
0.19064585864543915
0.18874791264533997
0.1880377233028412
0.18718160688877106
0.18491610884666443
0.18664570152759552
0.18450579047203064
0.1869586706161499
0.19152553379535675
0.18833966553211212
0.19385817646980286
0.18844503164291382
0.18845830857753754
0.1907186359167099
0.18805842101573944
0.18889224529266357
0.1911858767271042
0.18796756863594055
0.1877049207687378
0.18918730318546295
0.18946585059165955
0.18866761028766632
0.18556571006774902
0.18669427931308746
0.18958285450935364
0.18743258714675903
0.18734295666217804
0.18766219913959503
0.18682321906089783
0.1881570667028427
0.19311244785785675
0.1879713535308838
0.18874835968017578
0.18877923488616943
0.18488912284374237
0.1881573349237442
0.18828381597995758
0.1900578737258911
0.18750406801700592
0.18836075067520142
0.1892341822385788
0.19093331694602966
0.1920183300971985
0.18746988475322723
0.19022326171398163
0.18835027515888214
0.18816199898719788
0.18618051707744598
0.18780431151390076
0.18442773818969727
0.18524466454982758
0.19098538160324097
0.1869640052318573
0.18715551495552063
0.18731726706027985
0.18998128175735474
0.18912647664546967
0.18960125744342804
0.1878371238708496
0.18711161613464355
0.1882755309343338
0.18412451446056366
0.1855376958847046
0.1844269335269928
0.19118082523345947
0.18667767941951752
0.18753980100154877
0.19313126802444458
0.190032958984375
0.19022570550441742
0.19023112952709198
0.18997998535633087
0.18877051770687103
0.18842220306396484
0.1911366879940033
0.18671263754367828
0.18828244507312775
0.18824316561222076
0.18693910539150238
0.1892976462841034
0.1903124302625656
0.18453404307365417
0.19144752621650696
0.18689842522144318
0.18815188109874725
0.1885702759027481
0.18756206333637238
0.19211794435977936
0.1866702288389206
0.18714439868927002
0.18727050721645355
0.19014394283294678
0.1859016865491867
0.187776118516922
0.18858790397644043
0.18580392003059387
0.1873329132795334
0.18689806759357452
0.1872996687889099
0.18710710108280182
0.18547479808330536
0.18596257269382477
0.18845470249652863
0.1882026493549347
0.19479867815971375
0.18833288550376892
0.18961845338344574
0.1869083046913147
0.18609759211540222
0.18623588979244232
0.18809659779071808
0.18740515410900116
0.18892791867256165
0.18843097984790802
0.18842194974422455
0.18970131874084473
0.18642152845859528
0.1868395060300827
0.18916310369968414
0.18980878591537476
0.18939827382564545
0.18716828525066376
0.18494267761707306
0.18887604773044586
0.18922999501228333
0.1882665455341339
0.1890869438648224
0.18919797241687775
0.18678636848926544
0.1921098530292511
0.18688906729221344
0.18663468956947327
0.18710727989673615
0.18806320428848267
0.1891796886920929
0.1897042840719223
0.18942424654960632
0.1863914430141449
0.18777716159820557
0.18964555859565735
0.18866048753261566
0.18955545127391815
0.1874704658985138
0.188064306974411
0.1862684190273285
0.1877717822790146
0.1895960420370102
0.18751001358032227
0.18877096474170685
0.18812324106693268
0.1842469722032547
0.18805445730686188
0.1864914447069168
0.18690967559814453
0.1866822987794876
0.18760618567466736
0.186589777469635
0.1869937628507614
0.18761873245239258
0.18687009811401367
0.18610629439353943
0.18976716697216034
0.19059176743030548
0.18927808105945587
0.19185440242290497
0.19036641716957092
0.18815310299396515
0.18673978745937347
0.18789546191692352
0.18853186070919037
0.18862232565879822
0.18932895362377167
0.18597714602947235
0.18921619653701782
0.18797972798347473
0.18791966140270233
0.19195671379566193
0.18476811051368713
0.1892928183078766
0.18808090686798096
0.18937380611896515
0.18497434258460999
0.18623386323451996
0.19154664874076843
0.18553318083286285
0.19743403792381287
0.18977023661136627
0.18454426527023315
0.18611590564250946
0.18546897172927856
0.1871519535779953
0.18553507328033447
0.18792486190795898
0.18633989989757538
0.18555308878421783
0.18868295848369598
0.18831223249435425
0.18638455867767334
0.18957839906215668
0.1877317726612091
0.18578453361988068
0.18350903689861298
0.1853504478931427
0.18904949724674225
0.18684419989585876
0.1876581460237503
0.18865364789962769
0.18772907555103302
0.1869543045759201
0.18678006529808044
0.19121627509593964
0.18956729769706726
0.18729686737060547
0.18557022511959076
0.18962600827217102
0.18815208971500397
0.18796342611312866
0.18580467998981476
0.18712873756885529
0.18575389683246613
0.1885121911764145
0.1879168152809143
0.18560828268527985
0.19092008471488953
0.1849920153617859
0.18801908195018768
0.19205057621002197
0.18546675145626068
0.18923331797122955
0.18965093791484833
0.18554632365703583
0.1917472779750824
0.18868334591388702
0.1890510767698288
0.1918409764766693
0.18854191899299622
0.18958087265491486
0.18775500357151031
0.18872153759002686
0.18522991240024567
0.1854696422815323
0.18978175520896912
0.18961940705776215
0.18803390860557556
0.18603751063346863
0.18966397643089294
0.18617278337478638
0.18637552857398987
0.18568961322307587
0.18495632708072662
0.18872985243797302
0.1865023523569107
0.19011041522026062
0.18909332156181335
0.18977047502994537
0.18998554348945618
0.18618668615818024
0.19351963698863983
0.19085001945495605
0.18691863119602203
0.18754252791404724
0.1889357715845108
0.18537664413452148
0.18686717748641968
0.1885942965745926
0.18742793798446655
0.18928852677345276
0.18792040646076202
0.18830274045467377
0.18992799520492554
0.18749794363975525
0.1882399171590805
0.18893004953861237
0.19014063477516174
0.18503428995609283
0.19033202528953552
0.18298685550689697
0.186907559633255
0.18989339470863342
0.1880854368209839
0.18788228929042816
0.18947595357894897
0.18880663812160492
0.1908865123987198
0.190443217754364
0.18509170413017273
0.18586531281471252
0.18814228475093842
0.18672050535678864
0.18596911430358887
0.1939028650522232
0.19022949039936066
0.1854533702135086
0.18958574533462524
0.18666623532772064
0.18711838126182556
0.1890261322259903
0.1847752034664154
0.18859584629535675
0.18641309440135956
0.19085747003555298
0.18493425846099854
0.18538551032543182
0.1874619424343109
0.18711279332637787
0.1879819631576538
0.18723203241825104
0.18579183518886566
0.18556590378284454
0.1879982203245163
0.18736468255519867
0.1851329505443573
0.18641750514507294
0.19020390510559082
0.18639376759529114
0.18514075875282288
0.1895262897014618
0.1856539100408554
0.18285977840423584
0.1881350427865982
0.18761296570301056
0.18575099110603333
0.18624186515808105
0.18588630855083466
0.1842813342809677
0.18969954550266266
0.18953417241573334
0.1870419830083847
0.1876162439584732
0.18750689923763275
0.18860259652137756
0.1877303272485733
0.18810021877288818
0.18864426016807556
0.18550314009189606
0.18594972789287567
0.18554119765758514
0.18434461951255798
0.18726348876953125
0.18594184517860413
0.18693652749061584
0.18647056818008423
0.18719777464866638
0.19058391451835632
0.18888883292675018
0.18689613044261932
0.19215647876262665
0.184955894947052
0.18524715304374695
0.18667790293693542
0.18922044336795807
0.18585576117038727
0.1853426992893219
0.1853422373533249
0.18597349524497986
0.18981033563613892
0.18336251378059387
0.18646106123924255
0.18741557002067566
0.1873372197151184
0.184707373380661
0.1846688687801361
0.18401142954826355
0.18573269248008728
0.188954696059227
0.18620948493480682
0.18517498672008514
0.18302218616008759
0.18962551653385162
0.18704907596111298
0.1902032047510147
0.18775586783885956
0.18758633732795715
0.1866564303636551
0.18446795642375946
0.1851503849029541
0.18645726144313812
0.18788555264472961
0.18842865526676178
0.18698430061340332
0.18762128055095673
0.18570122122764587
0.18707671761512756
0.18727242946624756
0.18636271357536316
0.1853722631931305
0.18631930649280548
0.1880287528038025
0.18829567730426788
0.18625059723854065
0.18872211873531342
0.19098271429538727
0.18610888719558716
0.18780376017093658
0.18897739052772522
0.1866464763879776
0.185265451669693
0.18847276270389557
0.18564918637275696
0.18717150390148163
0.18482472002506256
0.18647710978984833
0.18761874735355377
0.1861877739429474
0.1860034018754959
0.18824519217014313
0.1832459419965744
0.1850452423095703
0.1875237673521042
0.188064306974411
0.18813391029834747
0.18766532838344574
0.18510305881500244
0.18832051753997803
0.1884874403476715
0.18714700639247894
0.1864490956068039
0.1872316598892212
0.18826042115688324
0.18510644137859344
0.18324881792068481
0.18534280359745026
0.18679870665073395
0.18766678869724274
0.18731264770030975
0.18683868646621704
0.18729132413864136
0.18453726172447205
0.18902219831943512
0.1865624487400055
0.1848878264427185
0.1853095144033432
0.18899749219417572
0.18474483489990234
0.18719731271266937
0.18828202784061432
0.18428267538547516
0.18563614785671234
0.18851862847805023
0.18827326595783234
0.19555959105491638
0.1871355175971985
0.18818747997283936
0.1864618957042694
0.18685588240623474
0.18833984434604645
0.18648476898670197
0.1831780970096588
0.18525651097297668
0.18371246755123138
0.18460161983966827
0.18949557840824127
0.1856924444437027
0.18548670411109924
0.18730516731739044
0.185909241437912
0.18791140615940094
0.18561860918998718
0.18627040088176727
0.18629321455955505
0.1915808469057083
0.1852559596300125
0.18636107444763184
0.188546821475029
0.18829114735126495
0.18691082298755646
0.18565663695335388
0.1868692934513092
0.18696241080760956
0.18694299459457397
0.18527135252952576
0.1877034455537796
0.18826787173748016
0.18654215335845947
0.1829071044921875
0.18553324043750763
0.18285970389842987
0.18568338453769684
0.1855471283197403
0.18688562512397766
0.18832720816135406
0.18543896079063416
0.1835157871246338
0.18843142688274384
0.18510955572128296
0.1864038109779358
0.18433023989200592
0.18215252459049225
0.187492236495018
0.1864166259765625
0.1842433661222458
0.1868778020143509
0.18885700404644012
0.1869388073682785
0.18480293452739716
0.18585097789764404
0.18324343860149384
0.1837996542453766
0.18505027890205383
0.1863269805908203
0.18204648792743683
0.18690608441829681
0.1854635775089264
0.18712694942951202
0.18683207035064697
0.18743450939655304
0.18689462542533875
0.18558694422245026
0.1861737072467804
0.18569625914096832
0.1846209168434143
0.1854623705148697
0.1897222101688385
0.18388845026493073
0.18578338623046875
0.18556609749794006
0.18602213263511658
0.18563835322856903
0.18669657409191132
0.18360555171966553
0.18766477704048157
0.18720689415931702
0.18891403079032898
0.18699724972248077
0.18588709831237793
0.18584449589252472
0.1856832504272461
0.18818089365959167
0.18495385348796844
0.18929854035377502
0.18806375563144684
0.1885707974433899
0.1835302859544754
0.19081594049930573
0.18658772110939026
0.18591201305389404
0.18475592136383057
0.18946121633052826
0.1870260387659073
0.1893310546875
0.18958933651447296
0.18622128665447235
0.18674813210964203
0.1872551292181015
0.19089291989803314
0.18539756536483765
0.1828683614730835
0.18607409298419952
0.18450908362865448
0.18778149783611298
0.18913814425468445
0.1843823492527008
0.1866023987531662
0.18599173426628113
0.18616163730621338
0.18327009677886963
0.1865919530391693
0.18448026478290558
0.1856500506401062
0.18413400650024414
0.18563145399093628
0.18537750840187073
0.19000037014484406
0.18834519386291504
0.1862543374300003
0.1821032166481018
0.18500030040740967
0.1856931895017624
0.1852559596300125
0.18623650074005127
0.18528024852275848
0.18603919446468353
0.18867042660713196
0.1886393427848816
0.1858348548412323
0.1884557455778122
0.18264329433441162
0.18533125519752502
0.18734820187091827
0.19009093940258026
0.18405620753765106
0.18708045780658722
0.1832469403743744
0.18474338948726654
0.18561014533042908
0.1843683421611786
0.1869119107723236
0.18694211542606354
0.18656586110591888
0.1866389513015747
0.18644089996814728
0.18744216859340668
0.1840709149837494
0.18991418182849884
0.18343372642993927
0.18181374669075012
0.185572549700737
0.18740589916706085
0.1828809529542923
0.18685376644134521
0.1828366369009018
0.18564936518669128
0.18446318805217743
0.18593797087669373
0.1861473172903061
0.18834887444972992
0.18461064994335175
0.1848454475402832
0.18317767977714539
0.1894611269235611
0.19142673909664154
0.18656282126903534
0.18300722539424896
0.18694350123405457
0.18450912833213806
0.18561236560344696
0.19047518074512482
0.18280106782913208
0.1827286034822464
0.18675680458545685
0.18630513548851013
0.18535858392715454
0.18729428946971893
0.1863473802804947
0.18748460710048676
0.18449124693870544
0.1850733906030655
0.1865515410900116
0.1859181970357895
0.1856490522623062
0.18403908610343933
0.18531197309494019
0.18509897589683533
0.18777574598789215
0.1819237619638443
0.1876962035894394
0.18489640951156616
0.18691571056842804
0.1868608444929123
0.18365152180194855
0.18674764037132263
0.1859567016363144
0.1847020387649536
0.18526919186115265
0.18394531309604645
0.1889558881521225
0.18432077765464783
0.1865772157907486
0.18627886474132538
0.18551912903785706
0.18283122777938843
0.18433412909507751
0.18559084832668304
0.18696562945842743
0.18521951138973236
0.18577489256858826
0.1874598115682602
0.18536488711833954
0.18899984657764435
0.18674764037132263
0.1869811862707138
0.18605643510818481
0.18567630648612976
0.18360087275505066
0.18716776371002197
0.1845950186252594
0.18435674905776978
0.1835319697856903
0.1871418058872223
0.18830828368663788
0.18794316053390503
0.18429449200630188
0.18625657260417938
0.1855190545320511
0.18388114869594574
0.18338920176029205
0.18877199292182922
0.18488512933254242
0.18690253794193268
0.19067268073558807
0.18613700568675995
0.18615886569023132
0.18345852196216583
0.18366795778274536
0.1879778951406479
0.1865033507347107
0.1868952512741089
0.18530215322971344
0.18409579992294312
0.18414369225502014
0.18569523096084595
0.185202494263649
0.18554313480854034
0.18416818976402283
0.18487003445625305
0.1876562386751175
0.18620236217975616
0.18505330383777618
0.18826426565647125
0.18179269134998322
0.18297937512397766
0.18720969557762146
0.19054697453975677
0.1850239634513855
0.18875473737716675
0.18687500059604645
0.18672770261764526
0.18872669339179993
0.18579715490341187
0.18581216037273407
0.18727049231529236
0.18842676281929016
0.18774516880512238
0.18600934743881226
0.18474751710891724
0.18646058440208435
0.18589834868907928
0.18608596920967102
0.19000163674354553
0.18655388057231903
0.18267741799354553
0.18599902093410492
0.1875142753124237
0.18484807014465332
0.18633288145065308
0.18363042175769806
0.18729054927825928
0.18738965690135956
0.18822062015533447
0.18413929641246796
0.1856076568365097
0.18421971797943115
0.1848536729812622
0.18591465055942535
0.18693022429943085
0.18637830018997192
0.18278777599334717
0.18842262029647827
0.18203240633010864
0.18519926071166992
0.18791083991527557
0.1872473657131195
0.18754659593105316
0.1870865821838379
0.18346600234508514
0.1845497488975525
0.18314382433891296
0.18551188707351685
0.1864282488822937
0.19247020781040192
0.1868707686662674
0.18541961908340454
0.18662382662296295
0.18208374083042145
0.18484456837177277
0.1878105103969574
0.18544979393482208
0.18685919046401978
0.18434755504131317
0.18451692163944244
0.18367785215377808
0.18413008749485016
0.1873968094587326
0.18341395258903503
0.18566471338272095
0.18339671194553375
0.18553952872753143
0.19093985855579376
0.18645966053009033
0.19143836200237274
0.18973512947559357
0.1836475282907486
0.18674226105213165
0.18270620703697205
0.18515963852405548
0.1853765994310379
0.1842230260372162
0.1854156106710434
0.1847390979528427
0.18533523380756378
0.1831182986497879
0.18628880381584167
0.1829157918691635
0.18946704268455505
0.1860046684741974
0.18458278477191925
0.1854165941476822
0.18259011209011078
0.18281131982803345
0.18541383743286133
0.18904942274093628
0.1855209618806839
0.18588854372501373
0.18533411622047424
0.18542005121707916
0.18210123479366302
0.18336212635040283
0.18180763721466064
0.18877074122428894
0.18587470054626465
0.18448826670646667
0.1854698210954666
0.18545593321323395
0.18916547298431396
0.1860896795988083
0.18353188037872314
0.18337105214595795
0.18705734610557556
0.18876346945762634
0.1877482831478119
0.18164211511611938
0.18562209606170654
0.1878654658794403
0.18421337008476257
0.1840936243534088
0.18561363220214844
0.1848575621843338
0.18527494370937347
0.18500985205173492
0.18651650846004486
0.18433821201324463
0.1810561865568161
0.18652217090129852
0.18329131603240967
0.18479855358600616
0.19180722534656525
0.18425168097019196
0.19267112016677856
0.18446606397628784
0.18726888298988342
0.1819908767938614
0.18068234622478485
0.18410128355026245
0.1852901130914688
0.1843118816614151
0.18596971035003662
0.18417811393737793
0.18313762545585632
0.18575122952461243
0.18593481183052063
0.18463724851608276
0.18618038296699524
0.18411974608898163
0.18668510019779205
0.18537072837352753
0.1869170218706131
0.18423393368721008
0.1860388070344925
0.18778711557388306
0.1827390193939209
0.18422332406044006
0.18974104523658752
0.18614138662815094
0.1841118186712265
0.1860646903514862
0.18385741114616394
0.18486295640468597
0.1883329302072525
0.1837666630744934
0.18582084774971008
0.18500036001205444
0.18765391409397125
0.18243779242038727
0.18697457015514374
0.18551194667816162
0.1866910755634308
0.18343140184879303
0.1852031797170639
0.18324898183345795
0.18210235238075256
0.18481966853141785
0.1834484040737152
0.1872239112854004
0.18544474244117737
0.1851220726966858
0.18704208731651306
0.18664921820163727
0.18516288697719574
0.1814759373664856
0.18632133305072784
0.18422359228134155
0.18269291520118713
0.1826646327972412
0.18671247363090515
0.18531930446624756
0.18106022477149963
0.18741223216056824
0.18465656042099
0.18616299331188202
0.18634375929832458
0.18816624581813812
0.1854812055826187
0.1862708181142807
0.18527066707611084
0.18447542190551758
0.1875869482755661
0.189117431640625
0.18473143875598907
0.18444587290287018
0.18707239627838135
0.18335764110088348
0.186061829328537
0.18272432684898376
0.18822701275348663
0.1877482533454895
0.1855032593011856
0.18468159437179565
0.18432310223579407
0.1854432076215744
0.18480122089385986
0.1841767430305481
0.18716387450695038
0.18935321271419525
0.18522371351718903
0.19037242233753204
0.18443702161312103
0.18551762402057648
0.18244005739688873
0.18603970110416412
0.18259580433368683
0.18268492817878723
0.18795347213745117
0.18180911242961884
0.18705706298351288
0.18498055636882782
0.18209843337535858
0.18398787081241608
0.1828964501619339
0.18398669362068176
0.1852259635925293
0.18478089570999146
0.18379174172878265
0.18487758934497833
0.18689866364002228
0.18353480100631714
0.18256111443042755
0.1848152130842209
0.1852872520685196
0.18401221930980682
0.1868114024400711
0.18611982464790344
0.18767628073692322
0.18902292847633362
0.18907706439495087
0.1862688809633255
0.18889223039150238
0.18529871106147766
0.18635083734989166
0.18474937975406647
0.18565921485424042
0.18833497166633606
0.18395552039146423
0.18504908680915833
0.1871291846036911
0.1854211688041687
0.18375837802886963
0.1856873631477356
0.1863112896680832
0.1854238212108612
0.18629078567028046
0.1838788092136383
0.18402299284934998
0.18442067503929138
0.18525442481040955
0.18603838980197906
0.1830057054758072
0.18392713367938995
0.18404974043369293
0.18635064363479614
0.1850421279668808
0.1838054358959198
0.18531787395477295
0.18680380284786224
0.18602252006530762
0.18562455475330353
0.18555258214473724
0.186399444937706
0.18113411962985992
0.18381628394126892
0.187795951962471
0.1823313981294632
0.188974991440773
0.18447436392307281
0.18646587431430817
0.1831531822681427
0.18315042555332184
0.18660812079906464
0.1821361929178238
0.18677538633346558
0.18736900389194489
0.18443751335144043
0.18344129621982574
0.18625642359256744
0.18229898810386658
0.18428000807762146
0.18519988656044006
0.18366022408008575
0.18641115725040436
0.18263347446918488
0.18505704402923584
0.18578065931797028
0.18453244864940643
0.18410703539848328
0.18398627638816833
0.18567991256713867
0.1802830994129181
0.18519240617752075
0.18487542867660522
0.18608731031417847
0.18588019907474518
0.18557536602020264
0.1874644160270691
0.1852584034204483
0.18495126068592072
0.18454226851463318
0.18587613105773926
0.18844199180603027
0.18551009893417358
0.18560533225536346
0.18346819281578064
0.18194587528705597
0.18374018371105194
0.190846249461174
0.18618862330913544
0.18167656660079956
0.18805666267871857
0.1834440678358078
0.18549972772598267
0.1816980540752411
0.184556782245636
0.1841726154088974
0.1856507509946823
0.18587374687194824
0.18440331518650055
0.18340860307216644
0.1861398071050644
0.18456418812274933
0.18644259870052338
0.1835208386182785
0.18507161736488342
0.18035799264907837
0.18145780265331268
0.18378932774066925
0.18225538730621338
0.18163228034973145
0.18827645480632782
0.18317586183547974
0.1866178661584854
0.18442437052726746
0.18347333371639252
0.18635205924510956
0.1835150122642517
0.1866498589515686
0.18383949995040894
0.18580599129199982
0.18748222291469574
0.1848212331533432
0.18360905349254608
0.18301714956760406
0.1871459186077118
0.18472468852996826
0.18235886096954346
0.18401141464710236
0.18765272200107574
0.18483701348304749
0.1875135749578476
0.18510034680366516
0.1847047656774521
0.18466438353061676
0.18470695614814758
0.1870119273662567
0.18584983050823212
0.18456804752349854
0.1838928759098053
0.18512631952762604
0.18544869124889374
0.1849294900894165
0.18347328901290894
0.1836828738451004
0.18327780067920685
0.1828123778104782
0.18451055884361267
0.18347302079200745
0.18366438150405884
0.18143285810947418
0.1850525438785553
0.18680188059806824
0.18429087102413177
0.18362419307231903
0.1897984892129898
0.18626812100410461
0.18952272832393646
0.1833467036485672
0.18229511380195618
0.1838575154542923
0.18510299921035767
0.18655826151371002
0.18488535284996033
0.18247389793395996
0.18739275634288788
0.18290886282920837
0.18367329239845276
0.18319334089756012
0.1869392991065979
0.1855967938899994
0.18538492918014526
0.1894380748271942
0.18445980548858643
0.18425211310386658
0.18356318771839142
0.18384172022342682
0.1828141063451767
0.18739697337150574
0.1868971735239029
0.18118463456630707
0.18284103274345398
0.1861453503370285
0.1852891594171524
0.1827302724123001
0.1817285418510437
0.1843087077140808
0.18590016663074493
0.18424980342388153
0.1808256357908249
0.1878199726343155
0.18353575468063354
0.18615253269672394
0.18059836328029633
0.18418313562870026
0.18651486933231354
0.18388627469539642
0.18296290934085846
0.1881486177444458
0.18568068742752075
0.18445181846618652
0.18303245306015015
0.18466870486736298
0.18782180547714233
0.18520326912403107
0.18336156010627747
0.18134376406669617
0.18223132193088531
0.18087492883205414
0.18671900033950806
0.18841546773910522
0.18228986859321594
0.18598400056362152
0.18276242911815643
0.1856771856546402
0.18394635617733002
0.18339063227176666
0.18651089072227478
0.18253543972969055
0.18322819471359253
0.1831006556749344
0.18744462728500366
0.18553276360034943
0.1806887984275818
0.1847640872001648
0.18117733299732208
0.18337193131446838
0.18749606609344482
0.18440115451812744
0.1831222027540207
0.18994875252246857
0.18185187876224518
0.18513186275959015
0.1783560812473297
0.18506073951721191
0.18676389753818512
0.1848592907190323
0.18640011548995972
0.1834106594324112
0.18718327581882477
0.18457049131393433
0.18840818107128143
0.18256686627864838
0.18416951596736908
0.18478524684906006
0.185867577791214
0.18552722036838531
0.1864326298236847
0.18338681757450104
0.18884797394275665
0.18429672718048096
0.18509571254253387
0.1819681078195572
0.18484792113304138
0.1871332824230194
0.18290975689888
0.1824251413345337
0.18508033454418182
0.18720978498458862
0.1833808422088623
0.1825270801782608
0.18613754212856293
0.18591682612895966
0.18552009761333466
0.18366895616054535
0.18455243110656738
0.1853460967540741
0.1827935427427292
0.18268556892871857
0.18464019894599915
0.18493486940860748
0.1832450032234192
0.18289035558700562
0.18392083048820496
0.18335948884487152
0.1834336370229721
0.1835954338312149
0.18324165046215057
0.185285285115242
0.184264674782753
0.1832890808582306
0.1884910613298416
0.18400393426418304
0.18621516227722168
0.18357490003108978
0.18226176500320435
0.18608935177326202
0.18412363529205322
0.18410392105579376
0.18574292957782745
0.18438643217086792
0.1867242008447647
0.18516531586647034
0.1853560209274292
0.1873747706413269
0.18353687226772308
0.1818922460079193
0.18569615483283997
0.18069544434547424
0.18690389394760132
0.18217483162879944
0.18563272058963776
0.18329651653766632
0.18426048755645752
0.18226097524166107
0.18615181744098663
0.18455325067043304
0.183485209941864
0.1844691038131714
0.18444134294986725
0.18146581947803497
0.18283042311668396
0.18454685807228088
0.1856963336467743
0.18499557673931122
0.1843821257352829
0.18479304015636444
0.18176519870758057
0.18466557562351227
0.18192371726036072
0.1866883486509323
0.1836083084344864
0.18260864913463593
0.1846827268600464
0.1830190271139145
0.18323469161987305
0.18611928820610046
0.18080253899097443
0.1861761063337326
0.18286505341529846
0.1815710812807083
0.18416059017181396
0.1856086254119873
0.18617908656597137
0.18112213909626007
0.18371862173080444
0.18560056388378143
0.18679393827915192
0.18804806470870972
0.18094728887081146
0.1831068992614746
0.18378138542175293
0.18500453233718872
0.18434953689575195
0.1854822337627411
0.18511158227920532
0.18125319480895996
0.18487438559532166
0.18415644764900208
0.1805288940668106
0.1829608827829361
0.1827709674835205
0.18764424324035645
0.18440327048301697
0.18355804681777954
0.1802394986152649
0.1834426075220108
0.1809716820716858
0.18486478924751282
0.1837279051542282
0.18206949532032013
0.18501244485378265
0.18388094007968903
0.18801076710224152
0.1832084208726883
0.1813366413116455
0.1861259639263153
0.18429948389530182
0.18395642936229706
0.18511825799942017
0.18191038072109222
0.1828128695487976
0.18111124634742737
0.1854306012392044
0.18822690844535828
0.18404729664325714
0.18317276239395142
0.18573898077011108
0.18499962985515594
0.1807170957326889
0.18266205489635468
0.18655909597873688
0.18474215269088745
0.18209759891033173
0.18539774417877197
0.18290747702121735
0.18777036666870117
0.18371213972568512
0.18426859378814697
0.18179313838481903
0.18311037123203278
0.18538671731948853
0.1837046593427658
0.1874995231628418
0.18386098742485046
0.18392343819141388
0.18330542743206024
0.18173542618751526
0.18614208698272705
0.18453875184059143
0.1829225718975067
0.18668141961097717
0.1850929707288742
0.18276654183864594
0.185213103890419
0.1852668970823288
0.18502800166606903
0.18331530690193176
0.1816214770078659
0.1870782971382141
0.18430307507514954
0.18200188875198364
0.18609508872032166
0.18722668290138245
0.1840515434741974
0.18289195001125336
0.18238531053066254
0.1841127872467041
0.181767538189888
0.18304529786109924
0.18254761397838593
0.18339833617210388
0.17911018431186676
0.18442556262016296
0.18681900203227997
0.1859970986843109
0.18381287157535553
0.1833331286907196
0.18524937331676483
0.18419505655765533
0.18393689393997192
0.18709401786327362
0.18582995235919952
0.18171396851539612
0.18338905274868011
0.18278303742408752
0.18493250012397766
0.18452511727809906
0.18297666311264038
0.18350914120674133
0.18239979445934296
0.18219761550426483
0.18334750831127167
0.18439066410064697
0.18289129436016083
0.18405215442180634
0.18531137704849243
0.18779712915420532
0.17965810000896454
0.1807110458612442
0.18595236539840698
0.18072842061519623
0.18224504590034485
0.1823742836713791
0.18224115669727325
0.18570558726787567
0.18389251828193665
0.18392908573150635
0.1839064657688141
0.1832931637763977
0.18585537374019623
0.1834726333618164
0.18634536862373352
0.1868431121110916
0.18316873908042908
0.1834057867527008
0.18241721391677856
0.18426069617271423
0.18426553905010223
0.1831328272819519
0.18416665494441986
0.18283706903457642
0.18153826892375946
0.1845545768737793
0.1867266595363617
0.18286561965942383
0.18214885890483856
0.18680602312088013
0.18333297967910767
0.1821863353252411
0.18490155041217804
0.18143263459205627
0.18949870765209198
0.18341128528118134
0.18290014564990997
0.18392005562782288
0.1818123310804367
0.18092849850654602
0.18342597782611847
0.17960482835769653
0.18483996391296387
0.1846386343240738
0.17932085692882538
0.1864440143108368
0.18440017104148865
0.18239723145961761
0.18003158271312714
0.1845857799053192
0.1839686632156372
