0.4946942627429962
0.4772645831108093
0.47222596406936646
0.47078579664230347
0.4670927822589874
0.46528929471969604
0.4635193645954132
0.46207213401794434
0.46019846200942993
0.4593753516674042
0.4573800563812256
0.4569152295589447
0.4553605616092682
0.4546974003314972
0.4529121220111847
0.45274168252944946
0.45196980237960815
0.4514498710632324
0.44909021258354187
0.4485272169113159
0.4481673836708069
0.4485701024532318
0.44707995653152466
0.4455699026584625
0.44631248712539673
0.44434598088264465
0.4450085759162903
0.444430947303772
0.44387659430503845
0.4442780911922455
0.442744642496109
0.44291600584983826
0.441155344247818
0.4414283335208893
0.44212183356285095
0.4421118199825287
0.4411641061306
0.44020798802375793
0.44010013341903687
0.4401790499687195
0.43945303559303284
0.4392901360988617
0.43854284286499023
0.43822669982910156
0.43757230043411255
0.43773195147514343
0.4376198649406433
0.4378165602684021
0.43785786628723145
0.43877720832824707
0.4372953176498413
0.4361988604068756
0.43561744689941406
0.4364323318004608
0.43507474660873413
0.43537774682044983
0.43575403094291687
0.4350135326385498
0.43450549244880676
0.4339503049850464
0.43462300300598145
0.43391966819763184
0.4343414306640625
0.4344601631164551
0.43187397718429565
0.43321698904037476
0.4325507879257202
0.43289822340011597
0.4326910376548767
0.4324808716773987
0.43233147263526917
0.4312685430049896
0.43235543370246887
0.4307461380958557
0.43221184611320496
0.43312564492225647
0.43061599135398865
0.4304293096065521
0.4317486882209778
0.4307638704776764
0.4304165244102478
0.4309459924697876
0.4307065010070801
0.42935922741889954
0.4288642406463623
0.42991381883621216
0.42861634492874146
0.42925047874450684
0.4292879104614258
0.42950353026390076
0.4285229444503784
0.4298267662525177
0.4276510775089264
0.42940184473991394
0.42880842089653015
0.429181843996048
0.42705559730529785
0.42867791652679443
0.428669810295105
0.428173691034317
0.42765527963638306
0.4273703396320343
0.42733386158943176
0.4272867441177368
0.4278194308280945
0.4270096719264984
0.4263111352920532
0.4273947477340698
0.4270159900188446
0.4258694648742676
0.4265731871128082
0.4269787073135376
0.4269188940525055
0.42543846368789673
0.42634791135787964
0.42574477195739746
0.4259165823459625
0.42502233386039734
0.42534321546554565
0.42475664615631104
0.4258749783039093
0.42454248666763306
0.4247557520866394
0.42418715357780457
0.4246208071708679
0.4248151183128357
0.42410996556282043
0.42446550726890564
0.424343079328537
0.4231812357902527
0.4231433570384979
0.424726277589798
0.4238969385623932
0.42425888776779175
0.42324939370155334
0.42384397983551025
0.42249712347984314
0.4238484799861908
0.4237159490585327
0.42380180954933167
0.42308875918388367
0.42312756180763245
0.4228312373161316
0.422531396150589
0.42258551716804504
0.421798437833786
0.4225977063179016
0.4237326979637146
0.4213668704032898
0.4222617745399475
0.4230925142765045
0.4233923554420471
0.4226350784301758
0.4219611883163452
0.4215278625488281
0.4211515784263611
0.4214248061180115
0.4216296970844269
0.42232927680015564
0.4220978617668152
0.4209277331829071
0.4221581518650055
0.42112934589385986
0.42226022481918335
0.42008060216903687
0.42008480429649353
0.4210853576660156
0.4202703833580017
0.4208686351776123
0.42048484086990356
0.4199939966201782
0.4207056164741516
0.42044389247894287
0.420899897813797
0.41943836212158203
0.42137375473976135
0.41962260007858276
0.4199252426624298
0.4198792278766632
0.4208827018737793
0.42024433612823486
0.4199362099170685
0.4198090434074402
0.4196840822696686
0.419199675321579
0.4206327199935913
0.4203546643257141
0.4202359914779663
0.41988489031791687
0.4185563921928406
0.41876843571662903
0.41887569427490234
0.4188339114189148
0.41827917098999023
0.4198179543018341
0.4182533919811249
0.4183480143547058
0.419648677110672
0.41840678453445435
0.41801345348358154
0.41896507143974304
0.41930773854255676
0.4196396768093109
0.41802793741226196
0.4179340898990631
0.4199289083480835
0.4200330376625061
0.4187380373477936
0.41800540685653687
0.41698014736175537
0.4184713661670685
0.418028861284256
0.4176190495491028
0.4170946180820465
0.41783589124679565
0.4189813733100891
0.4175698161125183
0.41739189624786377
0.41751110553741455
0.4173199534416199
0.4180876314640045
0.41821932792663574
0.4179646670818329
0.4178353250026703
0.4194347560405731
0.4183914065361023
0.41689881682395935
0.4167567491531372
0.4174262583255768
0.4171304702758789
0.41783949732780457
0.41734206676483154
0.41707515716552734
0.41768085956573486
0.41785192489624023
0.4171619117259979
0.4178427457809448
0.41668444871902466
0.41613608598709106
0.41698503494262695
0.41561421751976013
0.4166369140148163
0.4159141480922699
0.4181029796600342
0.41730207204818726
0.41746166348457336
0.41671156883239746
0.4157479405403137
0.41760656237602234
0.41610777378082275
0.41627562046051025
0.4152667224407196
0.41636717319488525
0.41656866669654846
0.41696780920028687
0.4158823490142822
0.4157277047634125
0.41625532507896423
0.41499876976013184
0.41608041524887085
0.416220486164093
0.4155450761318207
0.4158357083797455
0.41593503952026367
0.4154787063598633
0.4159250259399414
0.4159541130065918
0.41601333022117615
0.4160686135292053
0.41563358902931213
0.41562482714653015
0.41560646891593933
0.41504454612731934
0.4159139096736908
0.4161624014377594
0.4150122106075287
0.4145292639732361
0.41595080494880676
0.4155158996582031
0.414993017911911
0.41562557220458984
0.41521671414375305
0.4146871268749237
0.41500207781791687
0.41537001729011536
0.41520994901657104
0.41485610604286194
0.41378870606422424
0.4143695533275604
0.41473478078842163
0.414325475692749
0.41540005803108215
0.4146958887577057
0.41526514291763306
0.4153599143028259
0.4145835340023041
0.4137811064720154
0.41492965817451477
0.4139070510864258
0.41497284173965454
0.4148170053958893
0.4150962233543396
0.4144432842731476
0.41349875926971436
0.4133719205856323
0.4150354266166687
0.4147881269454956
0.41407477855682373
0.414286345243454
0.4132709205150604
0.4143255054950714
0.4142821133136749
0.4139510989189148
0.4137920141220093
0.4141753911972046
0.4140791893005371
0.4129237234592438
0.41364338994026184
0.4144802391529083
0.41366708278656006
0.41334933042526245
0.4133862257003784
0.413119912147522
0.4151061475276947
0.41442960500717163
0.4134618639945984
0.4142950475215912
0.4129280745983124
0.41377130150794983
0.4131559729576111
0.4141296446323395
0.4131690263748169
0.41353756189346313
0.41402488946914673
0.4136027991771698
0.4137721061706543
0.4137592315673828
0.4132966101169586
0.41194066405296326
0.41267871856689453
0.4136810302734375
0.4131081700325012
0.41340991854667664
0.41255420446395874
0.41445115208625793
0.4128189980983734
0.4115489721298218
0.4126313328742981
0.4128817319869995
0.41343894600868225
0.4123707413673401
0.4122451841831207
0.4117554724216461
0.41315770149230957
0.41392260789871216
0.41275936365127563
0.41263914108276367
0.41320034861564636
0.41352614760398865
0.4118402302265167
0.4126114845275879
0.4129704535007477
0.41143926978111267
0.41256004571914673
0.412497878074646
0.41159775853157043
0.41202312707901
0.41221851110458374
0.41144779324531555
0.41163918375968933
0.4113122224807739
0.4118630290031433
0.4122207760810852
0.4106352925300598
0.41233882308006287
0.4119260013103485
0.41179415583610535
0.4120713770389557
0.413014680147171
0.4117531478404999
0.4110865294933319
0.41205209493637085
0.4119231104850769
0.41172903776168823
0.4111314117908478
0.41251012682914734
0.41253605484962463
0.410645991563797
0.4105064272880554
0.4102329611778259
0.4112740755081177
0.41075584292411804
0.4122190475463867
0.4114986062049866
0.41135695576667786
0.40971970558166504
0.41180819272994995
0.40957382321357727
0.41164612770080566
0.41285982728004456
0.41023537516593933
0.41173070669174194
0.41176509857177734
0.4112943112850189
0.4110780656337738
0.4117010533809662
0.4108237624168396
0.41157403588294983
0.41053512692451477
0.41012802720069885
0.4110555648803711
0.41060858964920044
0.40973520278930664
0.4110957980155945
0.41120287775993347
0.4092254936695099
0.41078999638557434
0.4092954397201538
0.4101797342300415
0.4117477536201477
0.4112198054790497
0.40998294949531555
0.41067421436309814
0.41107264161109924
0.4101317822933197
0.4107995629310608
0.4102267920970917
0.4106983542442322
0.40913522243499756
0.41097116470336914
0.4105350077152252
0.40910670161247253
0.41023358702659607
0.4095004200935364
0.4100516140460968
0.409507691860199
0.41157737374305725
0.4099898636341095
0.4106544256210327
0.40990176796913147
0.4113847613334656
0.4104732573032379
0.4099743068218231
0.40976372361183167
0.40935540199279785
0.40981462597846985
0.41061410307884216
0.4094647169113159
0.41070356965065
0.4099103510379791
0.40983688831329346
0.4101778268814087
0.4092959463596344
0.40958020091056824
0.4112587869167328
0.4091624319553375
0.4106474220752716
0.40876859426498413
0.4091452956199646
0.40979093313217163
0.4097983241081238
0.4095221161842346
0.4102383255958557
0.407886266708374
0.4088515043258667
0.4081730246543884
0.4096335768699646
0.41007983684539795
0.40920084714889526
0.40881234407424927
0.4085763394832611
0.4092355966567993
0.4098368287086487
0.4093931317329407
0.40927258133888245
0.4082055687904358
0.40960046648979187
0.40845733880996704
0.4097440838813782
0.4101558029651642
0.40829458832740784
0.41012728214263916
0.41000816226005554
0.4095292091369629
0.40982064604759216
0.4086077809333801
0.40926593542099
0.40969544649124146
0.40943995118141174
0.40928220748901367
0.40898045897483826
0.4095355272293091
0.4085047245025635
0.40946313738822937
0.4093402922153473
0.4090225398540497
0.40987899899482727
0.4084351658821106
0.409483939409256
0.40957126021385193
0.4088435173034668
0.4101865291595459
0.40958526730537415
0.40966036915779114
0.4092490077018738
0.4082960784435272
0.4096437990665436
0.4085668921470642
0.40940964221954346
0.40960487723350525
0.4095262885093689
0.4100707769393921
0.4069170355796814
0.4086034595966339
0.4083755612373352
0.40810325741767883
0.4080243408679962
0.40887412428855896
0.4083671569824219
0.40821295976638794
0.40868183970451355
0.40740853548049927
0.4085172414779663
0.4080222249031067
0.4087841212749481
0.4082874655723572
0.40822818875312805
0.40798717737197876
0.4085237979888916
0.4082889258861542
0.4064160883426666
0.4090721905231476
0.4079752564430237
0.4077935218811035
0.40808841586112976
0.4088537096977234
0.4077097177505493
0.40798306465148926
0.4087250530719757
0.40857574343681335
0.4085199236869812
0.408376008272171
0.407476007938385
0.4075596332550049
0.4073001444339752
0.4077673554420471
0.4080544412136078
0.4080246388912201
0.4073716700077057
0.40765613317489624
0.4083171486854553
0.40770626068115234
0.4064561128616333
0.40833139419555664
0.40789246559143066
0.40792790055274963
0.40753164887428284
0.4088905453681946
0.40773946046829224
0.40792611241340637
0.40815627574920654
0.4089125990867615
0.40760353207588196
0.40757784247398376
0.4080139398574829
0.40710487961769104
0.40916112065315247
0.40664127469062805
0.4081783592700958
0.40767115354537964
0.4082673490047455
0.4064740240573883
0.40602076053619385
0.4077169895172119
0.40812310576438904
0.4075585603713989
0.40736067295074463
0.40768522024154663
0.40705180168151855
0.40728792548179626
0.40884122252464294
0.40765413641929626
0.4074099659919739
0.4069940745830536
0.4074614942073822
0.4073769748210907
0.4076605439186096
0.40802687406539917
0.40610527992248535
0.4077475070953369
0.40780869126319885
0.40752047300338745
0.4069652855396271
0.40674740076065063
0.407039999961853
0.4081054925918579
0.406717449426651
0.40772366523742676
0.40703827142715454
0.4058099389076233
0.40775761008262634
0.40668052434921265
0.4077166020870209
0.4065932333469391
0.406850665807724
0.40774449706077576
0.4086662232875824
0.4072764217853546
0.4073989987373352
0.4071786403656006
0.40757739543914795
0.40765953063964844
0.40742331743240356
0.4065072238445282
0.4067237973213196
0.406254380941391
0.40715810656547546
0.40667423605918884
0.4072588086128235
0.40605008602142334
0.40670329332351685
0.4060089588165283
0.40663382411003113
0.40630221366882324
0.406421422958374
0.40505412220954895
0.4071688652038574
0.40546315908432007
0.4067240357398987
0.4054177403450012
0.4060972034931183
0.4062356948852539
0.40654122829437256
0.40747183561325073
0.40740761160850525
0.4078035056591034
0.4070172607898712
0.40596556663513184
0.40696051716804504
0.4071539640426636
0.40633752942085266
0.4069273769855499
0.40798842906951904
0.4073616564273834
0.40601882338523865
0.40614768862724304
0.40600526332855225
0.4074099659919739
0.40672430396080017
0.4074874520301819
0.40599071979522705
0.40773242712020874
0.4056854248046875
0.40526795387268066
0.4064302146434784
0.40595582127571106
0.4062957167625427
0.4053633213043213
0.40581125020980835
0.40573346614837646
0.4057723879814148
0.4059370756149292
0.4059508740901947
0.40560999512672424
0.40581679344177246
0.4059193432331085
0.40441080927848816
0.40496891736984253
0.40566661953926086
0.40593719482421875
0.4067935049533844
0.4045907258987427
0.404758483171463
0.405353844165802
0.40593525767326355
0.40467360615730286
0.40592873096466064
0.4064503610134125
0.40666598081588745
0.40656551718711853
0.40480467677116394
0.4051791727542877
0.40652352571487427
0.4046478569507599
0.4052416682243347
0.4046034514904022
0.40457192063331604
0.4060952067375183
0.4057869017124176
0.40554195642471313
0.4045102298259735
0.4059574604034424
0.40581026673316956
0.40603703260421753
0.40501296520233154
0.40413182973861694
0.40580299496650696
0.40572628378868103
0.40527772903442383
0.40535178780555725
0.40625375509262085
0.40571463108062744
0.40603870153427124
0.40504932403564453
0.4049582779407501
0.40545934438705444
0.4059589207172394
0.40511050820350647
0.40591564774513245
0.405783087015152
0.4054466784000397
0.40527790784835815
0.4044896066188812
0.4048217833042145
0.4054137170314789
0.40540507435798645
0.4042404294013977
0.40420690178871155
0.4051322937011719
0.40545913577079773
0.4047684371471405
0.40432116389274597
0.40555253624916077
0.4043271839618683
0.407061904668808
0.40459388494491577
0.4049536883831024
0.4054107964038849
0.40559127926826477
0.4038914442062378
0.4041270315647125
0.4049401879310608
0.40413182973861694
0.4055643677711487
0.40555301308631897
0.4045223891735077
0.40453043580055237
0.4050131142139435
0.4035986065864563
0.4070289134979248
0.405254989862442
0.40517333149909973
0.4052753150463104
0.40508636832237244
0.40591928362846375
0.4047977030277252
0.4044021964073181
0.40572041273117065
0.4048977196216583
0.40491801500320435
0.40481656789779663
0.4045672118663788
0.40496933460235596
0.40428605675697327
0.4046628773212433
0.40518391132354736
0.4053977131843567
0.4050789475440979
0.4060758948326111
0.40401867032051086
0.4043298363685608
0.404003381729126
0.4055001735687256
0.4044371545314789
0.4049988090991974
0.4051213562488556
0.4042544960975647
0.40513530373573303
0.4043368697166443
0.4058436453342438
0.40552160143852234
0.404010146856308
0.40436607599258423
0.40362322330474854
0.4051069915294647
0.4040125906467438
0.40333816409111023
0.40528813004493713
0.4053109586238861
0.405110627412796
0.404664546251297
0.40464654564857483
0.4022393822669983
0.4037728011608124
0.40414541959762573
0.404254287481308
0.40388891100883484
0.40382760763168335
0.4043249487876892
0.4038151800632477
0.4045807421207428
0.40480920672416687
0.404441237449646
0.4037202000617981
0.40491989254951477
0.40479031205177307
0.403574138879776
0.40433892607688904
0.4043305218219757
0.4028664529323578
0.40425440669059753
0.40358975529670715
0.4045199453830719
0.4050825536251068
0.4040265381336212
0.4034161865711212
0.4044676125049591
0.4042559564113617
0.40202876925468445
0.40355321764945984
0.404232382774353
0.4045194089412689
0.40419885516166687
0.40490126609802246
0.4038959741592407
0.40338319540023804
0.4043766260147095
0.40351665019989014
0.40355002880096436
0.40409499406814575
0.40340858697891235
0.40425053238868713
0.4035591781139374
0.4038912355899811
0.40413910150527954
0.403944194316864
0.40352216362953186
0.4036242961883545
0.4041293263435364
0.4037606716156006
0.40384241938591003
0.4042956829071045
0.4048151671886444
0.40269291400909424
0.4027769863605499
0.4034983813762665
0.40355128049850464
0.40383684635162354
0.40262487530708313
0.4033324122428894
0.4034499228000641
0.40305081009864807
0.40297216176986694
0.4033283293247223
0.4031029939651489
0.4035811722278595
0.4026023745536804
0.4039330780506134
0.4034450650215149
0.4034610688686371
0.40282076597213745
0.4030906558036804
0.40285247564315796
0.403213232755661
0.40261825919151306
0.40253549814224243
0.4036714732646942
0.4036892056465149
0.4025932252407074
0.40321701765060425
0.4029172658920288
0.4027174413204193
0.40313562750816345
0.40270888805389404
0.4030779302120209
0.40392258763313293
0.4021263122558594
0.40365684032440186
0.40164482593536377
0.4030802547931671
0.4038509130477905
0.4029299318790436
0.40301722288131714
0.40305790305137634
0.4039387106895447
0.4040771722793579
0.40214648842811584
0.40417638421058655
0.40338239073753357
0.4029920697212219
0.4032169580459595
0.40334925055503845
0.403577983379364
0.4041421115398407
0.40219566226005554
0.403739869594574
0.4040066599845886
0.4044526219367981
0.4024653732776642
0.40245717763900757
0.4036311209201813
0.4019477069377899
0.4036233425140381
0.403628945350647
0.4032922685146332
0.40343615412712097
0.4036372900009155
0.4017668068408966
0.4019002318382263
0.4028043746948242
0.4037029445171356
0.404083251953125
0.4038514196872711
0.4041345715522766
0.40344369411468506
0.40258675813674927
0.4035698175430298
0.4033171236515045
0.4026888906955719
0.40210214257240295
0.40382838249206543
0.4012531638145447
0.4027107357978821
0.40263259410858154
0.40313905477523804
0.40359431505203247
0.40317243337631226
0.40167441964149475
0.403296560049057
0.40267953276634216
0.40224507451057434
0.40277615189552307
0.4036502242088318
0.40285712480545044
0.4039875268936157
0.40171679854393005
0.40323927998542786
0.40111494064331055
0.403236985206604
0.4029395580291748
0.40159788727760315
0.40304407477378845
0.4033520221710205
0.40259337425231934
0.4033220410346985
0.40399977564811707
0.40400511026382446
0.40302136540412903
0.40159377455711365
0.4017139673233032
0.40389227867126465
0.4021903872489929
0.4029122292995453
0.4027348458766937
0.4032489061355591
0.40215280652046204
0.402557373046875
0.4018872082233429
0.4019923806190491
0.40197399258613586
0.40329527854919434
0.4020596742630005
0.4027131497859955
0.4015042185783386
0.402008980512619
0.40259841084480286
0.4023968279361725
0.4008801281452179
0.40285882353782654
0.4014330804347992
0.40182048082351685
0.4017582833766937
0.4027196168899536
0.40220052003860474
0.40295007824897766
0.40149950981140137
0.4030218720436096
0.4030403196811676
0.40300238132476807
0.40254485607147217
0.40305185317993164
0.40293073654174805
0.4021856188774109
0.40202727913856506
0.40398603677749634
0.4030427634716034
0.40201181173324585
0.40159106254577637
0.40095800161361694
0.4037429690361023
0.4028589725494385
0.40315279364585876
0.4028841555118561
0.40330711007118225
0.4016566276550293
0.4024691581726074
0.4018976390361786
0.40434226393699646
0.4013664424419403
0.40199556946754456
0.4015377461910248
0.40254873037338257
0.40366971492767334
0.40222787857055664
0.40156930685043335
0.4027840793132782
0.402062326669693
0.40170517563819885
0.4023115634918213
0.4019818603992462
0.4025346040725708
0.4023900032043457
0.40175390243530273
0.40224489569664
0.4025721251964569
0.4018843173980713
0.4030851125717163
0.40161335468292236
0.4014144241809845
0.40205925703048706
0.40311795473098755
0.40101033449172974
0.4010905623435974
0.40204092860221863
0.40135645866394043
0.4016944468021393
0.40286460518836975
0.40202173590660095
0.40143197774887085
0.4014180600643158
0.4018920361995697
0.40119436383247375
0.4023391902446747
0.40201354026794434
0.4026259183883667
0.4016343951225281
0.4020096957683563
0.4013976454734802
0.40131574869155884
0.4012225270271301
0.4032581150531769
0.4023142457008362
0.40164968371391296
0.403160959482193
0.401940256357193
0.4026658236980438
0.4023304283618927
0.40104714035987854
0.40117767453193665
0.4016168713569641
0.4020136594772339
0.4003070890903473
0.40214166045188904
0.40166008472442627
0.3998430371284485
0.401909738779068
0.4017285406589508
0.4008471369743347
0.402570515871048
0.40156984329223633
0.3998267948627472
0.40182703733444214
0.40057849884033203
0.4025357961654663
0.4006868600845337
0.4003823697566986
0.40117448568344116
0.4008930027484894
0.40256792306900024
0.40304332971572876
0.40206578373908997
0.40174540877342224
0.4015990197658539
0.4012432396411896
0.4019946753978729
0.39991113543510437
0.4021907150745392
0.4018951952457428
0.4012521803379059
0.4022500216960907
0.4014492332935333
0.4020881950855255
0.4015907645225525
0.4009316563606262
0.4012959599494934
0.40058526396751404
0.40231597423553467
0.4018405079841614
0.4019581377506256
0.4012781083583832
0.40167108178138733
0.4013335108757019
0.4015713036060333
0.4014331102371216
0.4019927978515625
0.4012013077735901
0.40223127603530884
0.40251657366752625
0.4013499319553375
0.4021841585636139
0.4004325270652771
0.4013732671737671
0.402459055185318
0.40107035636901855
0.4006560742855072
0.40077492594718933
0.4011021852493286
0.4021781086921692
0.40198904275894165
0.4021819233894348
0.4015452563762665
0.4013621509075165
0.4015442430973053
0.40111568570137024
0.4008755087852478
0.4010559022426605
0.40145114064216614
0.40118131041526794
0.4016450345516205
0.40116360783576965
0.40167373418807983
0.40221157670021057
0.40141385793685913
0.40100598335266113
0.4019826352596283
0.4003891944885254
0.4009760320186615
0.40100398659706116
0.4014033377170563
0.4011382460594177
0.400715172290802
0.40194636583328247
0.4012649655342102
0.4008902311325073
0.4006544053554535
0.401302307844162
0.4019799530506134
0.4021523594856262
0.401527464389801
0.4020848274230957
0.4012198746204376
0.40005213022232056
0.40109267830848694
0.40120354294776917
0.4010298550128937
0.4013928472995758
0.40111589431762695
0.40092411637306213
0.40005192160606384
0.40159574151039124
0.4019760191440582
0.40121591091156006
0.4019644260406494
0.40125715732574463
0.4011771082878113
0.40153953433036804
0.401218056678772
0.40144065022468567
0.400577187538147
0.4012341797351837
0.4022190570831299
0.40163156390190125
0.40041041374206543
0.4008468985557556
0.4016169607639313
0.4007803797721863
0.4000966548919678
0.4015689492225647
0.40042102336883545
0.4020639955997467
0.400631308555603
0.4014216363430023
0.4007749855518341
0.4000951051712036
0.4008216857910156
0.4001581072807312
0.4005545675754547
0.4011695086956024
0.40040159225463867
0.40047505497932434
0.4016847610473633
0.3998441994190216
0.40169405937194824
0.4016272723674774
0.4003428518772125
0.40158212184906006
0.4026951789855957
0.4016682207584381
0.4004051089286804
0.40189826488494873
0.4012395739555359
0.4015958309173584
0.4009091556072235
0.40059012174606323
0.40022528171539307
0.4004700779914856
0.40174078941345215
0.40119174122810364
0.4014601409435272
0.4001210927963257
0.40059584379196167
0.40051865577697754
0.40065503120422363
0.4006038010120392
0.3994869291782379
0.4008728265762329
0.40117698907852173
0.400509238243103
0.40059560537338257
0.4018135070800781
0.4008384346961975
0.4011029303073883
0.4015751779079437
0.4001480042934418
0.4004772901535034
0.40085935592651367
0.4001488983631134
0.4014347195625305
0.4010932445526123
0.4008046090602875
0.4011765122413635
0.40050435066223145
0.3995246887207031
0.4001624286174774
0.40037766098976135
0.4008343815803528
0.40042194724082947
0.401204377412796
0.4001138508319855
0.40079474449157715
0.4002416133880615
0.40067949891090393
0.40135204792022705
0.4012007713317871
0.39974772930145264
0.39980417490005493
0.4007241725921631
0.4011518359184265
0.40116560459136963
0.40134474635124207
0.4002213776111603
0.40179041028022766
0.40055444836616516
0.40075570344924927
0.3997204303741455
0.4004803001880646
0.4019380211830139
0.40108081698417664
0.40059801936149597
0.40019485354423523
0.4008548855781555
0.4003101587295532
0.3997672200202942
0.40036776661872864
0.4023822247982025
0.4003167748451233
0.39904627203941345
0.40015581250190735
0.3994830250740051
0.401353657245636
0.3999062478542328
0.3998555541038513
0.4013281762599945
0.40075692534446716
0.3994680643081665
0.4012746810913086
0.40142491459846497
0.40071550011634827
0.4017657935619354
0.4014301300048828
0.4010547399520874
0.4005836546421051
0.4000213146209717
0.4005424976348877
0.3993017077445984
0.4004668891429901
0.39981842041015625
0.40045812726020813
0.39988693594932556
0.40069830417633057
0.3998011648654938
0.3997146487236023
0.39994993805885315
0.39870786666870117
0.4000292420387268
0.3992060124874115
0.40041249990463257
0.4015790522098541
0.40076470375061035
0.4006829261779785
0.4009321630001068
0.4018136262893677
0.4002046287059784
0.4002482295036316
0.4011445641517639
0.40062254667282104
0.4001680016517639
0.40067362785339355
0.39947909116744995
0.400007963180542
0.4002572000026703
0.40157434344291687
0.4008174538612366
0.39998286962509155
0.40030437707901
0.3998282849788666
0.4005871117115021
0.4004671275615692
0.3998079299926758
0.401170015335083
0.40151259303092957
0.3999144434928894
0.39861801266670227
0.39954012632369995
0.4010939598083496
0.39947712421417236
0.3994881212711334
0.40067794919013977
0.399193674325943
0.4006522595882416
0.39970919489860535
0.39974528551101685
0.39900827407836914
0.4011978507041931
0.4001593291759491
0.40094834566116333
0.3993181586265564
0.4002305567264557
0.39918094873428345
0.3999665379524231
0.3992633521556854
0.39960142970085144
0.400130957365036
0.4010635316371918
0.40003764629364014
0.4007531702518463
0.40032684803009033
0.39996641874313354
0.39908066391944885
0.4007472097873688
0.39937683939933777
0.3994777202606201
0.40074029564857483
0.39995405077934265
0.3998202979564667
0.3989136815071106
0.4006446897983551
0.401386022567749
0.40003523230552673
0.3988626301288605
0.39836984872817993
0.4000730812549591
0.40113458037376404
0.4003147780895233
0.40109017491340637
0.398947536945343
0.40014007687568665
0.3996005654335022
0.399858295917511
0.3995627760887146
0.3989364504814148
0.4002343416213989
0.3994939923286438
0.39947089552879333
0.3998837172985077
0.3987855017185211
0.40055304765701294
0.3986700475215912
0.3980368971824646
0.398764431476593
0.3989250063896179
0.3985782861709595
0.40028032660484314
0.4000835120677948
0.399990439414978
0.4004689157009125
0.3992922008037567
0.40087640285491943
0.40066078305244446
0.39985141158103943
0.4006412923336029
0.3992072343826294
0.4001149535179138
0.3991919755935669
0.3989928364753723
0.3990837335586548
0.39911994338035583
0.4001745283603668
0.40107735991477966
0.4000614285469055
0.39901870489120483
0.40094950795173645
0.3989642560482025
0.39865562319755554
0.4004403054714203
0.4005637764930725
0.3994941711425781
0.40014708042144775
0.4007241129875183
0.3988581895828247
0.40020379424095154
0.4003659188747406
0.3993139863014221
0.4000730812549591
0.399259090423584
0.3988880515098572
0.3994530737400055
0.39970993995666504
0.4009931683540344
0.39995065331459045
0.4000285863876343
0.39962655305862427
0.3996622562408447
0.4005581736564636
0.3998713791370392
0.4004077613353729
0.39913827180862427
0.39951252937316895
0.39966925978660583
0.39926356077194214
0.40044644474983215
0.40005728602409363
0.3987219035625458
0.39967966079711914
0.39906978607177734
0.3995562791824341
0.4002454876899719
0.39928823709487915
0.4000754952430725
0.39826321601867676
0.40049365162849426
0.3998034596443176
0.39967620372772217
0.39802616834640503
0.39989781379699707
0.3987009525299072
0.399158775806427
0.3994154632091522
0.40019887685775757
0.39852988719940186
0.39861688017845154
0.39921262860298157
0.39789360761642456
0.399984747171402
0.39891958236694336
0.3995390236377716
0.4005737900733948
0.3997941017150879
0.39906495809555054
0.39940693974494934
0.4002414345741272
0.39900410175323486
0.3993980288505554
0.3990459740161896
0.3994324803352356
0.3987973630428314
0.3990020453929901
0.39937764406204224
0.3971380293369293
0.3995943069458008
0.39929646253585815
0.40038615465164185
0.3996129333972931
0.39915546774864197
0.3990933895111084
0.39835628867149353
0.40050503611564636
0.3993658423423767
0.3991362750530243
0.3995623290538788
0.399555504322052
0.3989422023296356
0.39919352531433105
0.39838269352912903
0.3987020254135132
0.4002719819545746
0.3998485803604126
0.39919981360435486
0.39812618494033813
0.4000977575778961
0.40056008100509644
0.39914748072624207
0.3979755938053131
0.3992878198623657
0.39960938692092896
0.3979673683643341
0.3996431827545166
0.4002511501312256
0.3997495174407959
0.39985519647598267
0.39934253692626953
0.3992825746536255
0.3996526598930359
0.3992313742637634
0.400283545255661
0.39929836988449097
0.40017169713974
0.3994612693786621
0.3990173041820526
0.4002434015274048
0.39966678619384766
0.39976033568382263
0.3985027074813843
0.3998144865036011
0.39993545413017273
0.3978729844093323
0.39885690808296204
0.39900636672973633
0.40013211965560913
0.398698627948761
0.3979925513267517
0.3993895351886749
0.4002813398838043
0.3987009525299072
0.3997807204723358
0.3999137580394745
0.39945927262306213
0.398532509803772
0.3986845314502716
0.3993262052536011
0.39845165610313416
0.39968541264533997
0.40019190311431885
0.3987727463245392
0.39897289872169495
0.39848142862319946
0.39953383803367615
0.39916282892227173
0.3993363380432129
0.4004523754119873
0.40019384026527405
0.4004882276058197
0.39955639839172363
0.3997490108013153
0.3985268473625183
0.39839547872543335
0.4000224769115448
0.39864596724510193
0.3984188139438629
0.3992239236831665
0.40007680654525757
0.40049630403518677
0.399464875459671
0.3986707329750061
0.39984411001205444
0.3999035060405731
0.39840295910835266
0.39895570278167725
0.3986833095550537
0.3993096351623535
0.39913010597229004
0.39926624298095703
0.39976486563682556
0.39883580803871155
0.3989603519439697
0.39973416924476624
0.3985136151313782
0.39963099360466003
0.3988988399505615
0.39966800808906555
0.40036559104919434
0.3994014859199524
0.39859047532081604
0.3994450867176056
0.3984004855155945
0.39832934737205505
0.39973747730255127
0.3980697691440582
0.39888277649879456
0.39882633090019226
0.3994230031967163
0.39860430359840393
0.39959317445755005
0.3992413282394409
0.39869269728660583
0.3998844027519226
0.39917510747909546
0.39892855286598206
0.3986033499240875
0.3991527855396271
0.3993663787841797
0.39860451221466064
0.39879316091537476
0.39815157651901245
0.3983057141304016
0.3989667296409607
0.39874812960624695
0.39950820803642273
0.3984862267971039
0.39882755279541016
0.3983630836009979
0.3991386890411377
0.3995530307292938
0.3990700840950012
0.3982637822628021
0.39921021461486816
0.39957040548324585
0.39772337675094604
0.39822864532470703
0.39817190170288086
0.39933350682258606
0.3989306688308716
0.3996380567550659
0.39752766489982605
0.39730462431907654
0.3991069197654724
0.40039095282554626
0.3992539942264557
0.3990533947944641
0.39922186732292175
0.3986395001411438
0.39973190426826477
0.3976723253726959
0.39798492193222046
0.3990766406059265
0.39795488119125366
0.39818429946899414
0.398874431848526
0.3972032070159912
0.39783602952957153
0.39865362644195557
0.3987845778465271
0.3972093164920807
0.39957576990127563
0.3977348208427429
0.39823177456855774
0.39947637915611267
0.39795708656311035
0.39843666553497314
0.3981935977935791
0.39803430438041687
0.39955684542655945
0.3991122543811798
0.3977961540222168
0.3987712264060974
0.39797142148017883
0.4003959000110626
0.39967432618141174
0.398581862449646
0.39738577604293823
0.3988358676433563
0.39895859360694885
0.39866340160369873
0.3983858525753021
0.39823344349861145
0.39823076128959656
0.3986281454563141
0.3983810544013977
0.3982050120830536
0.3992416262626648
0.3980536460876465
0.39845940470695496
0.3974127173423767
0.39845651388168335
0.39813002943992615
0.39798247814178467
0.39742884039878845
0.3977278172969818
0.39904478192329407
0.3979472219944
0.39872634410858154
0.39770397543907166
0.39926546812057495
0.3979446291923523
0.3985680937767029
0.3982032537460327
0.39814916253089905
0.39778822660446167
0.39894652366638184
0.3989531397819519
0.39749476313591003
0.39923831820487976
0.3984996974468231
0.39794909954071045
0.3978760540485382
0.3980812132358551
0.3987373113632202
0.3995721936225891
0.3989547789096832
0.39840567111968994
0.3981659710407257
0.39779600501060486
0.3972402811050415
0.3982693552970886
0.39885932207107544
0.39829134941101074
0.3988788425922394
0.3977988362312317
0.397783100605011
0.3994523286819458
0.3991273045539856
0.3986043930053711
0.3989996016025543
0.39770394563674927
0.3985879719257355
0.3990914821624756
0.3984791040420532
0.3977419435977936
0.39826545119285583
0.39824751019477844
0.39766377210617065
0.3972446024417877
0.3985889256000519
0.3972369134426117
0.3989541530609131
0.39851799607276917
0.3982747495174408
0.3977084457874298
0.3979933261871338
0.3981878161430359
0.39782896637916565
0.3981340527534485
0.398063987493515
0.39758819341659546
0.39744773507118225
0.3980068266391754
0.3980778753757477
0.39863869547843933
0.3971262574195862
0.3984496593475342
0.39802953600883484
0.3978724777698517
0.39769038558006287
0.3974917531013489
0.3984452784061432
0.39818981289863586
0.3979848027229309
0.39690765738487244
0.39796018600463867
0.3988565504550934
0.39914241433143616
0.3994867205619812
0.39914143085479736
0.39812570810317993
0.3975377380847931
0.39833566546440125
0.3974505364894867
0.3987467288970947
0.3978802263736725
0.3987622857093811
0.3980239927768707
0.3982051610946655
0.39730289578437805
0.3971586525440216
0.39787113666534424
0.3982457220554352
0.39718836545944214
0.3990127742290497
0.3995404541492462
0.3982507288455963
0.39827287197113037
0.398688942193985
0.39884820580482483
0.3981829881668091
0.39785221219062805
0.39828765392303467
0.39726459980010986
0.39816227555274963
0.39746591448783875
0.399170458316803
0.39805111289024353
0.397967129945755
0.39730697870254517
0.39880985021591187
0.3986177444458008
0.39732274413108826
0.3986118733882904
0.3988334834575653
0.39787280559539795
0.3979097902774811
0.3980971872806549
0.39698493480682373
0.3976857662200928
0.3983671963214874
0.3992669880390167
0.3974408209323883
0.397140234708786
0.3990744948387146
0.39862507581710815
0.39737531542778015
0.39786070585250854
0.3969520628452301
0.3979794681072235
0.3976895809173584
0.3978857398033142
0.39800506830215454
0.3974438011646271
0.396650105714798
0.3983895182609558
0.3977523148059845
0.3972386419773102
0.39826419949531555
0.39874356985092163
0.39764830470085144
0.39715537428855896
0.398651123046875
0.3976941704750061
0.3970727324485779
0.3977586627006531
0.3978588581085205
0.3962923586368561
0.39823660254478455
0.3985694646835327
0.3976691663265228
0.3981994390487671
0.39801454544067383
0.39766186475753784
0.3965586721897125
0.3974400758743286
0.399495005607605
0.3972281217575073
0.3981984257698059
0.39955827593803406
0.39863285422325134
0.39818575978279114
0.3979915380477905
0.3983342945575714
0.3979431390762329
0.39634376764297485
0.3975294530391693
0.39709100127220154
0.3986639082431793
0.3981434404850006
0.39670833945274353
0.39711764454841614
0.39773473143577576
0.39739468693733215
0.39858442544937134
0.3975619971752167
0.39784112572669983
0.39808711409568787
0.3976953625679016
0.3968539834022522
0.3968176543712616
0.39769816398620605
0.3967675268650055
0.39741113781929016
0.3980470895767212
0.3980060815811157
0.397790789604187
0.39949190616607666
0.3974243402481079
0.397127628326416
0.39801225066185
0.3974173963069916
0.3973838686943054
0.3983731269836426
0.39739125967025757
0.3967783749103546
0.39651426672935486
0.3964945077896118
0.3966687023639679
0.3962373733520508
0.39714932441711426
0.39753127098083496
0.39930564165115356
0.3980460464954376
0.39669057726860046
0.397552490234375
0.3977168798446655
0.397011399269104
0.3975470960140228
0.3973093032836914
0.3967662751674652
0.3976707458496094
0.39669468998908997
0.3978893458843231
0.39725857973098755
0.3976369798183441
0.3983306586742401
0.39578357338905334
0.3970497250556946
0.397245854139328
0.39693978428840637
0.3976905047893524
0.3979155421257019
0.39720219373703003
0.3962186276912689
0.39710357785224915
0.3981327414512634
0.3975992798805237
0.3984817862510681
0.39746204018592834
0.39694029092788696
0.39671772718429565
0.398088276386261
0.397217333316803
0.3979671895503998
0.39781489968299866
0.39804843068122864
0.39811310172080994
0.3983750343322754
0.39763689041137695
0.39729493856430054
0.3972991406917572
0.3980114459991455
0.39770907163619995
0.3966597616672516
0.39575210213661194
0.39694303274154663
0.39820048213005066
0.3970138132572174
0.39767688512802124
0.3976585865020752
0.39770248532295227
0.3973176181316376
0.3958372473716736
0.3975543677806854
0.39801666140556335
0.39881348609924316
0.3978353440761566
0.3976862132549286
0.39797452092170715
0.3978264033794403
0.39669036865234375
0.3974652886390686
0.39677324891090393
0.3957744836807251
0.39718908071517944
0.3959483206272125
0.3976411521434784
0.39726772904396057
0.3975759744644165
0.3970290422439575
0.3959284722805023
0.3985779881477356
0.3967362940311432
0.3971402943134308
0.3982965052127838
0.39692896604537964
0.3970548212528229
0.3972815275192261
0.3968101441860199
0.39674580097198486
0.3974807560443878
0.39725762605667114
0.396798312664032
0.39639464020729065
0.3977510333061218
0.39751744270324707
0.39833083748817444
0.3960619568824768
0.3959484398365021
0.39668893814086914
0.397620290517807
0.39786800742149353
0.39700764417648315
0.39809948205947876
0.39529716968536377
0.3970065116882324
0.39717382192611694
0.3973380923271179
0.39636465907096863
0.3983410596847534
0.39751136302948
0.3978215157985687
0.39765483140945435
0.39721450209617615
0.39608946442604065
0.39670461416244507
0.39687877893447876
0.3966686427593231
0.39649471640586853
0.3979945480823517
0.39662250876426697
0.3967491090297699
0.39558669924736023
0.3972383141517639
0.39623913168907166
0.3967249095439911
0.39655154943466187
0.395783007144928
0.3976115882396698
0.3972078561782837
0.3971560299396515
0.39757052063941956
0.3964717388153076
0.39812684059143066
0.39793986082077026
0.39851343631744385
0.39753982424736023
0.398110568523407
0.39675042033195496
0.3975146412849426
0.39809897541999817
0.396948903799057
0.3974930942058563
0.3973698019981384
0.3971867263317108
0.3964785039424896
0.39596596360206604
0.3979332149028778
0.39702025055885315
0.39726901054382324
0.39636093378067017
0.39694517850875854
0.39724114537239075
0.39687520265579224
0.3974558711051941
0.39747172594070435
0.3954741656780243
0.3959466218948364
0.3973369598388672
0.39644426107406616
0.3980993628501892
0.39724716544151306
0.39640477299690247
0.39798504114151
0.3966034948825836
0.396164208650589
0.3968122899532318
0.39733725786209106
0.3963371813297272
0.3977380096912384
0.39728429913520813
0.39768603444099426
0.3959745466709137
0.39761942625045776
0.398561954498291
0.39694324135780334
0.3975696861743927
0.39710769057273865
0.396526962518692
0.39752888679504395
0.39808717370033264
0.39752110838890076
0.3976922631263733
0.3975713849067688
0.39760667085647583
0.3967808187007904
0.39651188254356384
0.3959480822086334
0.3973398506641388
0.39715245366096497
0.3976236581802368
0.396773099899292
0.3957449495792389
0.39658546447753906
0.39668166637420654
0.3967290222644806
0.397676020860672
0.3965788185596466
0.39558538794517517
0.39761829376220703
0.3959968388080597
0.3978385031223297
0.39807894825935364
0.39624330401420593
0.39672139286994934
0.39648810029029846
0.3970484435558319
0.39629754424095154
0.39673563838005066
0.397652804851532
0.3965126872062683
0.397104412317276
0.39651235938072205
0.3965167701244354
0.39488673210144043
0.3968387842178345
0.39742499589920044
0.3972066044807434
0.39599254727363586
0.3971702456474304
0.39610275626182556
0.3979140818119049
0.3964625895023346
0.3967505991458893
0.3978404104709625
0.39531829953193665
0.3966609239578247
0.3977327048778534
0.39825430512428284
0.39697784185409546
0.39780929684638977
0.3970845341682434
0.39548078179359436
0.3965170681476593
0.39588767290115356
0.396168977022171
0.39631739258766174
0.39654895663261414
0.39438948035240173
0.3965509235858917
0.3976176083087921
0.3968479037284851
0.3960075378417969
0.3982275128364563
0.3978419899940491
0.3971143364906311
0.39620280265808105
0.3968234956264496
0.3975490629673004
0.39498788118362427
0.39501506090164185
0.3959910571575165
0.3963876962661743
0.3969019055366516
0.396714985370636
0.39653217792510986
0.3974860906600952
0.3971980810165405
0.3978787660598755
0.39667776226997375
0.3963407576084137
0.3954986333847046
0.39639684557914734
0.39675796031951904
0.39779481291770935
0.3960703909397125
0.39744579792022705
0.39594244956970215
0.3968401253223419
0.39612892270088196
0.39648324251174927
0.3956136107444763
0.39829450845718384
0.3966381549835205
0.39683592319488525
0.3974337577819824
0.3955473005771637
0.39631035923957825
0.39667612314224243
0.39620885252952576
0.39556625485420227
0.39604097604751587
0.39721471071243286
0.39694473147392273
0.39602234959602356
0.3963102102279663
0.39625227451324463
0.3966479003429413
0.39706742763519287
0.3964517116546631
0.396133691072464
0.39634421467781067
0.3949141800403595
0.39719149470329285
0.39615437388420105
0.3961905241012573
0.39633655548095703
0.3961043357849121
0.3968772292137146
0.39658746123313904
0.39680710434913635
0.39675992727279663
0.3952655494213104
0.3965950906276703
0.39691945910453796
0.398235946893692
0.39648401737213135
0.39569091796875
0.39595335721969604
0.3953973650932312
0.3956128656864166
0.396624892950058
0.39691853523254395
0.3974183201789856
0.39791014790534973
0.39703598618507385
0.396058589220047
0.39698565006256104
0.3962809145450592
0.39558079838752747
0.39604318141937256
0.39594289660453796
0.39707502722740173
0.39741453528404236
0.39722558856010437
0.39724472165107727
0.39713072776794434
0.395060271024704
0.3960359990596771
0.3963199257850647
0.3950331509113312
0.39696788787841797
0.39732426404953003
0.3965432941913605
0.3968074321746826
0.39644795656204224
0.39599525928497314
0.39570245146751404
0.3957797884941101
0.3968048691749573
0.39498940110206604
0.3963733911514282
0.39601993560791016
0.3957028388977051
0.39718523621559143
0.3967011570930481
0.3956151604652405
0.39755260944366455
0.3960757851600647
0.39530131220817566
0.39715975522994995
0.39570340514183044
0.3955134451389313
0.39610353112220764
0.39712241291999817
0.395710289478302
0.39687418937683105
0.3961915969848633
0.3965495228767395
0.39638006687164307
0.3961419463157654
0.3964786231517792
0.396879643201828
0.3976236879825592
0.3952690064907074
0.39574262499809265
0.3963640332221985
0.3962366580963135
0.39576593041419983
0.39716362953186035
0.3970901370048523
0.39639464020729065
0.3967036306858063
0.3959425389766693
0.3966478109359741
0.39636993408203125
0.3963204324245453
0.39667031168937683
0.39456796646118164
0.3969828188419342
0.3965410888195038
0.3950832188129425
0.3960997760295868
0.39619141817092896
0.39551234245300293
0.39651739597320557
0.39675822854042053
0.39757513999938965
0.39566776156425476
0.39591407775878906
0.3968314230442047
0.3951069712638855
0.39668038487434387
0.39646652340888977
0.396512508392334
0.3953098654747009
0.3953693211078644
0.3960720896720886
0.39685454964637756
0.39799073338508606
0.3961385190486908
0.3974286615848541
0.3963480591773987
0.39658355712890625
0.3954443335533142
0.3957201838493347
0.3962603807449341
0.3962205648422241
0.39615339040756226
0.39675217866897583
0.396657258272171
0.3950966000556946
0.39463010430336
0.3949945569038391
0.3957342207431793
0.39742451906204224
0.39612382650375366
0.395233690738678
0.3964879810810089
0.3969962000846863
0.39646410942077637
0.39629724621772766
0.39656326174736023
0.3966298997402191
0.3966970145702362
0.3959467113018036
0.3971324563026428
0.3953104615211487
0.39614447951316833
0.3972058594226837
0.39653027057647705
0.396889328956604
0.3962319493293762
0.3963715434074402
0.39643487334251404
0.39548712968826294
0.39653101563453674
0.3951723873615265
0.3961558938026428
0.3961135149002075
0.39803409576416016
0.39630311727523804
0.3961409032344818
0.39639535546302795
0.39487192034721375
0.39667195081710815
0.39574435353279114
0.3968733847141266
0.3971920609474182
0.3964872360229492
0.39552199840545654
0.39603567123413086
0.39584484696388245
0.39634549617767334
0.3966180384159088
0.3955322504043579
0.3962133824825287
0.3958509564399719
0.3954877555370331
0.396785169839859
0.39641666412353516
0.3968977928161621
0.3972630202770233
0.3970518112182617
0.3972043991088867
0.39641574025154114
0.3968009054660797
0.3964519202709198
0.3966698944568634
0.3972938060760498
0.39585694670677185
0.3945394456386566
0.3961436152458191
0.39637887477874756
0.3949846923351288
0.39647990465164185
0.3955060839653015
0.3964233100414276
0.3980266749858856
0.3961583375930786
0.396223783493042
0.39633551239967346
0.3951341211795807
0.3955698311328888
0.39599570631980896
0.395273894071579
0.39505109190940857
0.3973870873451233
0.3964451849460602
0.396269828081131
0.39644157886505127
0.39592212438583374
0.39545929431915283
0.39693018794059753
0.39462223649024963
0.3958534598350525
0.3956761658191681
0.3969823718070984
0.3955079913139343
0.3958773910999298
0.39569172263145447
0.396624892950058
0.39555633068084717
0.3969007730484009
0.39701175689697266
0.3967997431755066
0.3974851667881012
0.3974047899246216
0.39723899960517883
0.3972037732601166
0.39628180861473083
0.39601951837539673
0.39632460474967957
0.39552396535873413
0.3954397439956665
0.3959002196788788
0.3949446678161621
0.39433610439300537
0.3928346633911133
0.39461708068847656
0.3935924172401428
0.3934297561645508
0.3930855691432953
0.3931604027748108
0.3938157260417938
0.3932015597820282
0.39165130257606506
0.3931441903114319
0.3925422728061676
0.3925962448120117
0.3926028907299042
0.3929196298122406
0.39288076758384705
0.3920934498310089
0.39229682087898254
0.3921907842159271
0.3918421268463135
0.3922567665576935
0.392230361700058
0.3919762969017029
0.3926181495189667
0.39256614446640015
0.3932911157608032
0.3915548622608185
0.39279496669769287
0.3926471769809723
0.39232349395751953
0.391994446516037
0.39264535903930664
0.39222002029418945
0.39301109313964844
0.3929879069328308
0.39148929715156555
0.39228832721710205
0.39174598455429077
0.3930184245109558
0.39166706800460815
0.3921099007129669
0.3910188376903534
0.3924501836299896
0.39205414056777954
0.39139172434806824
0.39228561520576477
0.39205121994018555
0.3921479284763336
0.39197736978530884
0.39083659648895264
0.3925592601299286
0.3925657570362091
0.3917621672153473
0.3920375108718872
0.39234983921051025
0.39161190390586853
0.3926774561405182
0.39234423637390137
0.39294862747192383
0.39221110939979553
0.3928895592689514
0.3922174870967865
0.3921692967414856
0.39123979210853577
0.3917000889778137
0.3923727571964264
0.39187783002853394
0.3914785087108612
0.39119985699653625
0.39173614978790283
0.39172014594078064
0.3911452889442444
0.3914078176021576
0.3916090428829193
0.3926394283771515
0.39164313673973083
0.39153793454170227
0.3912689685821533
0.3918805420398712
0.3920513987541199
0.39069777727127075
0.39092323184013367
0.39184436202049255
0.391864150762558
0.39099040627479553
0.3912336528301239
0.3920239210128784
0.3908548951148987
0.39171212911605835
0.39037439227104187
0.39095115661621094
0.39196187257766724
0.3909190893173218
0.391733855009079
0.3916131854057312
0.3915925920009613
0.3899911940097809
0.39184239506721497
0.3921179473400116
0.3915224075317383
0.39029327034950256
0.39059120416641235
0.3908236026763916
0.3909294903278351
0.3912794888019562
0.39088788628578186
0.39087894558906555
0.3910621404647827
0.3912792205810547
0.3916878402233124
0.39071643352508545
0.39099135994911194
0.39139047265052795
0.39056047797203064
0.39070671796798706
0.3911905288696289
0.39107054471969604
0.39160585403442383
0.39233526587486267
0.391426146030426
0.3901628851890564
0.3919038474559784
0.39129215478897095
0.3915770947933197
0.39203035831451416
0.391333669424057
0.39089882373809814
0.391709566116333
0.3926704525947571
0.39088404178619385
0.39149606227874756
0.3913099467754364
0.39153021574020386
0.39061644673347473
0.39171022176742554
0.39176273345947266
0.39060017466545105
0.3905485272407532
0.39119142293930054
0.39101091027259827
0.3912483751773834
0.3920990526676178
0.3912687599658966
0.3910374045372009
0.3910968601703644
0.39109912514686584
0.39181381464004517
0.39103826880455017
0.38945066928863525
0.39158183336257935
0.39141711592674255
0.3909527659416199
0.3904483914375305
0.39105844497680664
0.39072829484939575
0.3920218050479889
0.39178749918937683
0.39116165041923523
0.3913131356239319
0.39103180170059204
0.39083316922187805
0.3917066156864166
0.3905879855155945
0.3909904956817627
0.3913150429725647
0.39059606194496155
0.39171701669692993
0.3907436728477478
0.3908960223197937
0.3907047510147095
0.39097708463668823
0.3900042772293091
0.3911922574043274
0.39168068766593933
0.3910408020019531
0.39085960388183594
0.39156705141067505
0.3903862535953522
0.3907788395881653
0.39172375202178955
0.39165744185447693
0.39271819591522217
0.39133787155151367
0.3899862766265869
0.3908398449420929
0.39103320240974426
0.39049220085144043
0.3914090096950531
0.38923385739326477
0.39021676778793335
0.3912372589111328
0.39082297682762146
0.3919764757156372
0.3901257812976837
0.3915212154388428
0.3904639482498169
0.3916287422180176
0.3909476697444916
0.3917177617549896
0.3902858793735504
0.3919515013694763
0.3910713493824005
0.39137446880340576
0.39197680354118347
0.39143815636634827
0.39103519916534424
0.38981738686561584
0.3897303640842438
0.3909585177898407
0.39024093747138977
0.39089712500572205
0.39160603284835815
0.39108145236968994
0.39007726311683655
0.3904128074645996
0.39243730902671814
0.39172810316085815
0.39069387316703796
0.39095988869667053
0.39169079065322876
0.3914620578289032
0.3904319107532501
0.391728013753891
0.3903080224990845
0.3908500075340271
0.39114704728126526
0.39093947410583496
0.3899197280406952
0.3906731903553009
0.3901450037956238
0.3904886543750763
0.3913722634315491
0.39063137769699097
0.3901984691619873
0.39097219705581665
0.3917195200920105
0.39126789569854736
0.3905757665634155
0.3901882469654083
0.391247421503067
0.3913756310939789
0.3911110460758209
0.3909537196159363
0.3907013237476349
0.3906412124633789
0.3906083106994629
0.3922557830810547
0.39036011695861816
0.3911360800266266
0.3903464674949646
0.3903086185455322
0.39047491550445557
0.39030495285987854
0.3909081816673279
0.38964223861694336
0.390291303396225
0.3901107907295227
0.39157506823539734
0.391218364238739
0.39103755354881287
0.3907597064971924
0.3908967673778534
0.39055293798446655
0.3907972574234009
0.39130207896232605
0.3909685015678406
0.39095860719680786
0.3911045789718628
0.39068594574928284
0.39044222235679626
0.39031708240509033
0.3905275762081146
0.39046865701675415
0.3901464343070984
0.3912343382835388
0.39109042286872864
0.391613245010376
0.39094042778015137
0.3911018669605255
0.39100125432014465
0.39091894030570984
0.39018964767456055
0.39094772934913635
0.3899373412132263
0.3899585008621216
0.3905496299266815
0.3909739851951599
0.39032864570617676
0.39114639163017273
0.3905964195728302
0.3915817141532898
0.3914181888103485
0.3901026248931885
0.39061668515205383
0.39048677682876587
0.39139115810394287
0.3907778263092041
0.3912055790424347
0.3903084099292755
0.3899413049221039
0.39146438241004944
0.3906514346599579
0.39056652784347534
0.3897111415863037
0.3903394341468811
0.3903573751449585
0.391988068819046
0.38993358612060547
0.39128315448760986
0.3909538686275482
0.39055564999580383
0.3906557857990265
0.39056268334388733
0.389373779296875
0.3901389241218567
0.3903322219848633
0.391606867313385
0.39005061984062195
0.3897377848625183
0.3907570242881775
0.3911210000514984
0.3902679681777954
0.39144983887672424
0.3897947371006012
0.38990089297294617
0.39039671421051025
0.3910597860813141
0.3907361328601837
0.39085718989372253
0.39091405272483826
0.39083123207092285
0.3895995616912842
0.3899671733379364
0.3900553286075592
0.3906123638153076
0.39062556624412537
0.3898504376411438
0.3915509581565857
0.3900432586669922
0.3906984329223633
0.3911406695842743
0.3916606903076172
0.3906041085720062
0.3894253969192505
0.3911067843437195
0.38981685042381287
0.390603631734848
0.3901565968990326
0.39093127846717834
0.38997116684913635
0.39131855964660645
0.38968056440353394
0.3909563720226288
0.38981202244758606
0.3905388116836548
0.3900616466999054
0.3896337151527405
0.38972169160842896
0.3903713524341583
0.3908184766769409
0.38991135358810425
0.3901304602622986
0.389678955078125
0.39047113060951233
0.3900962471961975
0.389945924282074
0.39106690883636475
0.3905584216117859
0.3895271420478821
0.39116260409355164
0.3903210759162903
0.39053818583488464
0.39026352763175964
0.3904319703578949
0.39073488116264343
0.3907025456428528
0.38997626304626465
0.3900814652442932
0.3903372585773468
0.3899747133255005
0.39094164967536926
0.39048632979393005
0.39018651843070984
0.3907463252544403
0.38995295763015747
0.39021772146224976
0.3909490406513214
0.3904958963394165
0.38971227407455444
0.38958293199539185
0.3909747004508972
0.3904978930950165
0.390900582075119
0.3913588225841522
0.3905317485332489
0.39070942997932434
0.389853835105896
0.390523761510849
0.3893928825855255
0.3905641436576843
0.38947582244873047
0.38996613025665283
0.39019158482551575
0.3908520042896271
0.39014825224876404
0.39146682620048523
0.39168423414230347
0.3896274268627167
0.39039716124534607
0.39063379168510437
0.390624463558197
0.39026331901550293
0.3903827369213104
0.3902943432331085
0.39081069827079773
0.39038965106010437
0.3904770612716675
0.38985610008239746
0.3919034004211426
0.3895212411880493
0.39022406935691833
0.39022737741470337
0.38952091336250305
0.3905423879623413
0.39024582505226135
0.3900470435619354
0.3896363377571106
0.39082103967666626
0.39014163613319397
0.3900308609008789
0.3904653787612915
0.3904305696487427
0.39023372530937195
0.39058512449264526
0.3904884159564972
0.390139639377594
0.3901980519294739
0.38983917236328125
0.3901912569999695
0.39016181230545044
0.3898118734359741
0.3905235230922699
0.39015135169029236
0.390653520822525
0.3915689289569855
0.3902207911014557
0.39095473289489746
0.38957130908966064
0.3884730935096741
0.38902226090431213
0.3900960385799408
0.38900113105773926
0.38999390602111816
0.3909326195716858
0.39015528559684753
0.3902774453163147
0.3896098732948303
0.39064544439315796
0.3894480764865875
0.39129742980003357
0.39038872718811035
0.39017486572265625
0.39072108268737793
0.38966068625450134
0.3908599019050598
0.3906342089176178
0.3905928134918213
0.3899983763694763
0.38946980237960815
0.39005541801452637
0.3900569677352905
0.390382319688797
0.39053207635879517
0.390426367521286
0.3908301293849945
0.3906349837779999
0.38928523659706116
0.39037197828292847
0.39092323184013367
0.391053706407547
0.39069005846977234
0.38942745327949524
0.3897455632686615
0.3895271122455597
0.39086660742759705
0.38914400339126587
0.39050623774528503
0.38988199830055237
0.3904125392436981
0.3912956118583679
0.3891521394252777
0.3894611895084381
0.38935139775276184
0.39026138186454773
0.389316201210022
0.3904499411582947
0.39036422967910767
0.3904447853565216
0.3899584710597992
0.38989877700805664
0.3905317187309265
0.38839253783226013
0.3895222544670105
0.38986870646476746
0.3899250328540802
0.38974088430404663
0.39000436663627625
0.39098456501960754
0.3904193341732025
0.3901180922985077
0.3902868628501892
0.3904658555984497
0.3901812732219696
0.38999128341674805
0.38978514075279236
0.39040830731391907
0.3898734450340271
0.39070752263069153
0.38944703340530396
0.3905567228794098
0.3904348313808441
0.39100754261016846
0.3898003101348877
0.39000868797302246
0.38944652676582336
0.39005276560783386
0.3903961777687073
0.3896411061286926
0.38941293954849243
0.39018020033836365
0.39065319299697876
0.3900929093360901
0.3903532326221466
0.38948529958724976
0.3905482888221741
0.3898152709007263
0.39053669571876526
0.3889923095703125
0.38925501704216003
0.39138492941856384
0.3897067606449127
0.39096760749816895
0.39149418473243713
0.3901805877685547
0.3897936940193176
0.38986289501190186
0.39058172702789307
0.38840800523757935
0.39015844464302063
0.39014896750450134
0.38973268866539
0.3909183740615845
0.390764981508255
0.3900150656700134
0.38947954773902893
0.389843612909317
0.38989731669425964
0.38978588581085205
0.3896236717700958
0.3896978199481964
0.3904224932193756
0.39052462577819824
0.38956278562545776
0.3899312913417816
0.3907170593738556
0.3901209235191345
0.3898642957210541
0.3891701400279999
0.3903685212135315
0.3896348178386688
0.3902060091495514
0.39017078280448914
0.3901735842227936
0.3908841907978058
0.3896326720714569
0.39093217253685
0.3912281394004822
0.39029446244239807
0.3899027407169342
0.3898223638534546
0.39079269766807556
0.3904053568840027
0.39002880454063416
0.39075741171836853
0.38953742384910583
0.39024171233177185
0.3899882435798645
0.3891577124595642
0.3898327052593231
0.390915185213089
0.3908020555973053
0.38937246799468994
0.3897572159767151
0.39071327447891235
0.3897612988948822
0.3903917968273163
0.39048120379447937
0.3904407322406769
0.39031925797462463
0.39021873474121094
0.3896395266056061
0.3907800614833832
0.38884490728378296
0.3897959589958191
0.39048582315444946
0.3915010988712311
0.3893413841724396
0.3915763795375824
0.39041489362716675
0.38850998878479004
0.3892034888267517
0.39113733172416687
0.3895756006240845
0.3899822533130646
0.3904731571674347
0.39022499322891235
0.3906145691871643
0.3891184329986572
0.3899526000022888
0.3889888525009155
0.3901384472846985
0.38981685042381287
0.3896337151527405
0.3909241259098053
0.39041855931282043
0.39018213748931885
0.38975536823272705
0.3894149661064148
0.3901252746582031
0.3900645077228546
0.38987675309181213
0.38938164710998535
0.3895114064216614
0.3897864520549774
0.3895918130874634
0.3909952640533447
0.39016926288604736
0.38976240158081055
0.3907751739025116
0.3901713788509369
0.3898892402648926
0.3903103172779083
0.3887085020542145
0.38946837186813354
0.38984936475753784
0.3898219168186188
0.38948506116867065
0.3901122510433197
0.39011135697364807
0.39114537835121155
0.3903900682926178
0.39091894030570984
0.3906095027923584
0.3896053433418274
0.39037755131721497
0.39029210805892944
0.3904503881931305
0.38970014452934265
0.3900684118270874
0.39124345779418945
0.39018091559410095
0.3893832862377167
0.3899019658565521
0.38983702659606934
0.38967597484588623
0.38983991742134094
0.39009425044059753
0.39061176776885986
0.3895154595375061
0.39085885882377625
0.38973018527030945
0.39096584916114807
0.3900817632675171
0.3889741003513336
0.3898753225803375
0.39104950428009033
0.38953274488449097
0.3896511197090149
0.39008915424346924
0.3892502784729004
0.3900280296802521
0.3898148536682129
0.38998934626579285
0.3892558515071869
0.3903946280479431
0.38985055685043335
0.38961347937583923
0.39096471667289734
0.38999277353286743
0.3895314335823059
0.38888880610466003
0.390726774930954
0.38966596126556396
0.3888842761516571
0.38957732915878296
0.38920673727989197
0.3895174264907837
0.3901549279689789
0.389941543340683
0.3890160322189331
0.3906552195549011
0.389484167098999
0.38988497853279114
0.3901980519294739
0.3901912271976471
0.3900732100009918
0.38971462845802307
0.38995712995529175
0.3908379077911377
0.39011114835739136
0.39015743136405945
0.3905417025089264
0.3899242579936981
0.3908006250858307
0.39012640714645386
0.391184538602829
0.3886215090751648
0.390213280916214
0.3901729881763458
0.3903193473815918
0.3892684280872345
0.39060693979263306
0.3881300687789917
0.3891512155532837
0.38940873742103577
0.38996344804763794
0.3893505930900574
0.3900764584541321
0.3892366588115692
0.39003437757492065
0.39039772748947144
0.3893808424472809
0.39051344990730286
0.3896506130695343
0.38928505778312683
0.3898361325263977
0.3900582790374756
0.38924428820610046
0.38999617099761963
0.39062729477882385
0.3909907042980194
0.3897174000740051
0.38973769545555115
0.3895796239376068
0.3902345299720764
0.3895619213581085
0.39007240533828735
0.390102744102478
0.3903501331806183
0.3890193700790405
0.3890812397003174
0.389242947101593
0.3887914717197418
0.3898369371891022
0.3904097378253937
0.3888772130012512
0.39011991024017334
0.3897898495197296
0.38964080810546875
0.3904845416545868
0.38928231596946716
0.3885084390640259
0.388643741607666
0.3901633620262146
0.3903723657131195
0.38984841108322144
0.38999229669570923
0.3881029784679413
0.39044189453125
0.39017003774642944
0.3908878266811371
0.3917745351791382
0.38995978236198425
0.3892488479614258
0.3897390365600586
0.39020684361457825
0.39072132110595703
0.3889489769935608
0.3890140950679779
0.390995591878891
0.3896448314189911
0.3901933431625366
0.38953810930252075
0.3904934227466583
0.39003798365592957
0.3892630934715271
0.38991519808769226
0.39067670702934265
0.38911065459251404
0.3893354833126068
0.389943927526474
0.39029669761657715
0.3909914195537567
0.3897300660610199
0.39018934965133667
0.38960203528404236
0.3899890184402466
0.3910595774650574
0.38990136981010437
0.3904010057449341
0.3902539610862732
0.389834463596344
0.38932323455810547
0.38874831795692444
0.3902374804019928
0.38946330547332764
0.38955602049827576
0.3894396126270294
0.3902129530906677
0.3890170454978943
0.3900170624256134
0.39027315378189087
0.3906816244125366
0.38967612385749817
0.39049381017684937
0.3899649977684021
0.389822393655777
0.3882555663585663
0.3891473114490509
0.3897837698459625
0.3893025517463684
0.3894311785697937
0.38911765813827515
0.38913193345069885
0.38929229974746704
0.3897077143192291
0.3895335793495178
0.3904072046279907
0.3884316682815552
0.39043712615966797
0.3901467025279999
0.38945427536964417
0.3887427747249603
0.3891002833843231
0.39050495624542236
0.38947901129722595
0.3892430365085602
0.39052626490592957
0.39012596011161804
0.3897871971130371
0.3892344832420349
0.38952693343162537
0.39076003432273865
0.3897556960582733
0.3896361291408539
0.38924336433410645
0.3891493082046509
0.39042356610298157
0.39011499285697937
0.39088520407676697
0.3889918923377991
0.38960736989974976
0.38906416296958923
0.391417533159256
0.38936808705329895
0.3902614414691925
0.389329731464386
0.388990581035614
0.38957929611206055
0.38908591866493225
0.3896639347076416
0.3893998861312866
0.3892199397087097
0.38909220695495605
0.39037641882896423
0.38939589262008667
0.3907108008861542
0.3890429437160492
0.38938814401626587
0.38935938477516174
0.3887498378753662
0.39044883847236633
0.3892762064933777
0.38998955488204956
0.3890725076198578
0.38933810591697693
0.38907942175865173
0.38949069380760193
0.3887889087200165
0.3894176781177521
0.38986697793006897
0.389482706785202
0.3900412917137146
0.3892047703266144
0.3893715739250183
0.38889238238334656
0.3892362415790558
0.3891020119190216
0.38970789313316345
0.3902880847454071
0.3900091350078583
0.38885048031806946
0.3897552490234375
0.3893624246120453
0.39026111364364624
0.38987764716148376
0.3893086612224579
0.38935327529907227
0.3894841969013214
0.3898525536060333
0.3903982639312744
0.39129942655563354
0.3893275558948517
0.3896852433681488
0.3892636299133301
0.3889596462249756
0.39070290327072144
0.38957974314689636
0.38981518149375916
0.3886968195438385
0.3887310028076172
0.39047035574913025
0.39009711146354675
0.38973259925842285
0.38870224356651306
0.39041826128959656
0.3895150125026703
0.3898182809352875
0.3902703821659088
0.38881057500839233
0.3891064524650574
0.3893939256668091
0.3898256719112396
0.39060816168785095
0.3902131915092468
0.39071813225746155
0.39051222801208496
0.3899286687374115
0.3896218240261078
0.388800710439682
0.39029940962791443
0.38994163274765015
0.39031141996383667
0.3903036117553711
0.38963979482650757
0.38995617628097534
0.3892212510108948
0.3903244733810425
0.3887249231338501
0.3901638388633728
0.3907947242259979
0.3896390199661255
0.38935863971710205
0.3894656002521515
0.38928866386413574
0.38992035388946533
0.3895350992679596
0.3899044394493103
0.3901175856590271
0.389017790555954
0.38852086663246155
0.3883328437805176
0.3888528347015381
0.3906199634075165
0.38917964696884155
0.38989681005477905
0.3887942135334015
0.38901376724243164
0.38986659049987793
0.3891354501247406
0.389131098985672
0.39035066962242126
0.38985905051231384
0.3894364833831787
0.3889462351799011
0.38920795917510986
0.3900803029537201
0.38960596919059753
0.38888978958129883
0.3887316882610321
0.39007627964019775
0.3903549015522003
0.3898790180683136
0.3897758424282074
0.3900216519832611
0.38967883586883545
0.38966208696365356
0.38916417956352234
0.38900241255760193
0.3891885280609131
0.38920000195503235
0.3897295296192169
0.38971954584121704
0.3895549774169922
0.38904762268066406
0.3900686800479889
0.3895535171031952
0.38916125893592834
0.3900401294231415
0.3894716799259186
0.38992953300476074
0.38887491822242737
0.3888341188430786
0.38870203495025635
0.38904282450675964
0.3901316821575165
0.3902069330215454
0.3902048170566559
0.38937801122665405
0.390018105506897
0.38981392979621887
0.3894375264644623
0.3892437815666199
0.3898584544658661
0.39012980461120605
0.389317125082016
0.38840988278388977
0.38825666904449463
0.3896898329257965
0.3878519535064697
0.38989773392677307
0.3899610936641693
0.3899264633655548
0.38897159695625305
0.3902198374271393
0.39042383432388306
0.3885706961154938
0.389954537153244
0.3883228003978729
0.3903025686740875
0.38845884799957275
0.38936346769332886
0.38907045125961304
0.388741135597229
0.38985946774482727
0.389997273683548
0.38944360613822937
0.3889175355434418
0.38931503891944885
0.38850298523902893
0.3894530236721039
0.39018622040748596
0.39018842577934265
0.3895037770271301
0.3902552127838135
0.3896479606628418
0.38956204056739807
0.3895761966705322
0.38996756076812744
0.3904491364955902
0.3900887966156006
0.3901633322238922
0.3892921805381775
0.3888709247112274
0.3899754583835602
0.3888806998729706
0.3891312777996063
0.389728307723999
0.3897504508495331
0.3888207674026489
0.3901803493499756
0.38821741938591003
0.38941463828086853
0.3888992965221405
0.3893754184246063
0.38904643058776855
0.3894561231136322
0.3895743489265442
0.3897307813167572
0.3888263702392578
0.3891693651676178
0.3900492191314697
0.3901810646057129
0.3902817368507385
0.3894263803958893
0.38999611139297485
0.3890310525894165
0.3895358443260193
0.3900110125541687
0.389043927192688
0.39009782671928406
0.3897191286087036
0.3900171220302582
0.38950973749160767
0.3892594873905182
0.38946086168289185
0.38948869705200195
0.39038947224617004
0.3899409770965576
0.3892519772052765
0.39001378417015076
0.38991639018058777
0.3898879885673523
0.38906097412109375
0.39023905992507935
0.3889351785182953
0.3890071511268616
0.3894440233707428
0.3896663784980774
0.38972190022468567
0.38986825942993164
0.3903525173664093
0.3903290331363678
0.3887697160243988
0.38887688517570496
0.38927921652793884
0.38855889439582825
0.3901744484901428
0.39007440209388733
0.38937753438949585
0.3900345265865326
0.38941049575805664
0.38888248801231384
0.3891313672065735
0.3890972435474396
0.38924822211265564
0.3894144892692566
0.3892402648925781
0.39034387469291687
0.3903670310974121
0.38949868083000183
0.38975802063941956
0.3889349400997162
0.3889688551425934
0.38930317759513855
0.3896103799343109
0.3891564607620239
0.38888728618621826
0.3895227313041687
0.3889206349849701
0.38874056935310364
0.3885495960712433
0.38811931014060974
0.388693243265152
0.38811859488487244
0.38960322737693787
0.3893446922302246
0.3888205885887146
0.38961589336395264
0.3885546326637268
0.3900300860404968
0.3886290192604065
0.38944533467292786
0.3901160657405853
0.39009982347488403
0.3891335129737854
0.38916921615600586
0.3901268541812897
0.3907201290130615
0.3895048201084137
0.3887239992618561
0.38940688967704773
0.3883892297744751
0.38967543840408325
0.3897157609462738
0.3903372585773468
0.3888944685459137
0.3896563649177551
0.3893979787826538
0.3893279731273651
0.39033716917037964
0.3893287181854248
0.38926973938941956
0.3883216679096222
0.3899579644203186
0.38984954357147217
0.3891701400279999
0.38899046182632446
0.3891582190990448
0.3899259865283966
0.3888506591320038
0.38995856046676636
0.39050886034965515
0.38920390605926514
0.389758437871933
0.389137864112854
0.3892435133457184
0.38933125138282776
0.3900184631347656
0.3904224634170532
0.3895619511604309
0.38983526825904846
0.3888973295688629
0.3893640339374542
0.39066922664642334
0.3892253339290619
0.38898518681526184
0.38925302028656006
0.3889859914779663
0.38859039545059204
0.3894104063510895
0.388190895318985
0.3897218406200409
0.3888726830482483
0.3893144130706787
0.3885059952735901
0.38928383588790894
0.3898436427116394
0.3900686800479889
0.39018312096595764
0.38935938477516174
0.3879869878292084
0.3899281919002533
0.3896045386791229
0.38885384798049927
0.3892509937286377
0.38775718212127686
0.3893299698829651
0.38975629210472107
0.38906586170196533
0.3898959457874298
0.3900260329246521
0.3894849121570587
0.38884851336479187
0.38938403129577637
0.38835158944129944
0.38913387060165405
0.3892856538295746
0.3892948031425476
0.38944560289382935
0.38881805539131165
0.3889745771884918
0.3901064991950989
0.38866478204727173
0.3894549012184143
0.3892629146575928
0.389622300863266
0.3898357152938843
0.3901299834251404
0.3888881206512451
0.38852477073669434
0.38988861441612244
0.3904513716697693
0.38977107405662537
0.38822221755981445
0.3894883990287781
0.38916024565696716
0.3879671096801758
0.38986334204673767
0.3882843852043152
0.3894054889678955
0.3905988335609436
0.38965851068496704
0.39037808775901794
0.3891364336013794
0.38972917199134827
0.38995397090911865
0.38810572028160095
0.3902224898338318
0.3900827467441559
0.38911381363868713
0.38889309763908386
0.3898739218711853
0.3890863060951233
0.38872030377388
0.3895946145057678
0.38941285014152527
0.388668030500412
0.3890000879764557
0.38887345790863037
0.3886372745037079
0.3891672194004059
0.389614999294281
0.3889316916465759
0.38922789692878723
0.389067679643631
0.39007481932640076
0.3893277049064636
0.38990870118141174
0.389947772026062
0.39042967557907104
0.38862815499305725
0.38961511850357056
0.3900635540485382
0.38856419920921326
0.3895660638809204
0.389090359210968
0.38925260305404663
0.38984063267707825
0.38903361558914185
0.3890145421028137
0.38921815156936646
0.38874438405036926
0.38915666937828064
0.3891885578632355
0.3890599012374878
0.38842564821243286
0.38936156034469604
0.38980844616889954
0.3893961012363434
0.3893354833126068
0.38809943199157715
0.3897837698459625
0.3878171741962433
0.3892032206058502
0.3887597620487213
0.38899940252304077
0.3887624740600586
0.3892304301261902
0.38861891627311707
0.38899776339530945
0.3880399465560913
0.38908451795578003
0.3896634578704834
0.389588326215744
0.38814786076545715
0.38856419920921326
0.3882041573524475
0.38856813311576843
0.38979586958885193
0.38910117745399475
0.38940170407295227
0.3886238932609558
0.38978487253189087
0.38837409019470215
0.3890591859817505
0.38901209831237793
0.390218585729599
0.389320969581604
0.39033186435699463
0.38991042971611023
0.3895363211631775
0.3893638551235199
0.3893817663192749
0.38897934556007385
0.38863620162010193
0.38957059383392334
0.389384001493454
0.38857075572013855
0.3892650604248047
0.3890160620212555
0.388893187046051
0.3893750011920929
0.3879380226135254
0.38939666748046875
0.38843512535095215
0.38991087675094604
0.3901253640651703
0.3899642527103424
0.38885733485221863
0.3899952173233032
0.38893380761146545
0.3897685408592224
0.3901318907737732
0.3877178430557251
0.38978680968284607
0.3896799087524414
0.3893943130970001
0.38898569345474243
0.38982558250427246
0.3882623314857483
0.38859298825263977
0.3879176378250122
0.3899347484111786
0.3888433873653412
0.38880670070648193
0.3913123607635498
0.38955169916152954
0.39092370867729187
0.3886312246322632
0.3892810046672821
0.38988417387008667
0.3885803520679474
0.3884252905845642
0.38917768001556396
0.3889404237270355
0.3884824514389038
0.3890686631202698
0.38914594054222107
0.38881683349609375
0.3898846209049225
0.38953548669815063
0.3886922597885132
0.3887890875339508
0.3895156681537628
0.3892069458961487
0.38880905508995056
0.38928061723709106
0.38933995366096497
0.3884330093860626
0.38909828662872314
0.3884161114692688
0.38880935311317444
0.3889964818954468
0.3886101245880127
0.38892149925231934
0.3891807496547699
0.3891487717628479
0.3897610902786255
0.3896583616733551
0.3887447714805603
0.389860063791275
0.3889213502407074
0.38957494497299194
0.38899484276771545
0.38962122797966003
0.38864144682884216
0.39035600423812866
0.389652818441391
0.388161301612854
0.38839879631996155
0.388978511095047
0.38767728209495544
0.38851240277290344
0.38958969712257385
0.38842421770095825
0.38870882987976074
0.38835662603378296
0.3899395763874054
0.3890496790409088
0.3891855478286743
0.38915297389030457
0.3886852562427521
0.38828712701797485
0.3891870677471161
0.38986414670944214
0.3885161280632019
0.3880758285522461
0.38848957419395447
0.3888225853443146
0.38870495557785034
0.3893066942691803
0.38953083753585815
0.3894672691822052
0.38975024223327637
0.3881564736366272
0.3898754417896271
0.3879871070384979
0.38890278339385986
0.38943520188331604
0.3888361155986786
0.38968145847320557
0.3885252773761749
0.38894280791282654
0.3888954222202301
0.3886314034461975
0.3887598514556885
0.38941922783851624
0.3887045979499817
0.388532817363739
0.3886648118495941
0.3889235854148865
0.39008834958076477
0.38963866233825684
0.38866668939590454
0.38815122842788696
0.38885483145713806
0.3893347680568695
0.39002344012260437
0.38858678936958313
0.39010849595069885
0.38853755593299866
0.38853389024734497
0.3885745406150818
0.38918372988700867
0.3881584405899048
0.3896647095680237
0.38863644003868103
0.3900187909603119
0.3890184164047241
0.3888150453567505
0.3878735303878784
0.38947081565856934
0.38945871591567993
0.3889399766921997
0.3891376852989197
0.38843128085136414
0.3886502981185913
0.38925349712371826
0.38952362537384033
0.3895486891269684
0.38876423239707947
0.389126181602478
0.38753604888916016
0.3897036910057068
0.38840657472610474
0.3887883126735687
0.38978520035743713
0.3902890086174011
0.3885371685028076
0.3890760540962219
0.3895498216152191
0.39003682136535645
0.3882499933242798
0.3904578685760498
0.39016497135162354
0.3900254964828491
0.38922372460365295
0.3894575536251068
0.389175146818161
0.38904303312301636
0.3895988464355469
0.38905954360961914
0.38885051012039185
0.3904062807559967
0.39091190695762634
0.38886016607284546
0.3890949487686157
0.3886730372905731
0.38911572098731995
0.38869979977607727
0.38996532559394836
0.3901030123233795
0.3895505368709564
0.38840627670288086
0.3896584212779999
0.38855841755867004
0.3895350992679596
0.38870328664779663
0.3903624415397644
0.3893677890300751
0.3885119557380676
0.3897751271724701
0.39010557532310486
0.38970357179641724
0.3894181251525879
0.3891371488571167
0.38971978425979614
0.38907957077026367
0.38991856575012207
0.3898020088672638
0.38860565423965454
0.3899077773094177
0.3893498480319977
0.3895286023616791
0.3888714015483856
0.38870832324028015
0.3886803090572357
0.38844752311706543
0.3893316090106964
0.3889825940132141
0.3894108831882477
0.38971489667892456
0.389625608921051
0.3888554275035858
0.38839611411094666
0.3888554573059082
0.3885381817817688
0.38907018303871155
0.3895132839679718
0.3885219097137451
0.3893914520740509
0.39027711749076843
0.38864514231681824
0.3896564245223999
0.3889009356498718
0.38854992389678955
0.3885398805141449
0.3885217607021332
0.3887275755405426
0.3892904222011566
0.3893716633319855
0.3890079855918884
0.3883601129055023
0.38899412751197815
0.3894435465335846
0.38972100615501404
0.39030420780181885
0.38968509435653687
0.3887108266353607
0.3890793025493622
0.38954150676727295
0.3882034718990326
0.3892693519592285
0.3890870213508606
0.3890075981616974
0.3894277513027191
0.38910043239593506
0.38917016983032227
0.3900411128997803
0.3889167308807373
0.38846802711486816
0.387852281332016
0.3895724415779114
0.38968008756637573
0.38861629366874695
0.38846251368522644
0.38944724202156067
0.3879184126853943
0.3885504901409149
0.39069250226020813
0.38787832856178284
0.3886792063713074
0.38909196853637695
0.387807160615921
0.3882031738758087
0.38875171542167664
0.3889326751232147
0.38863128423690796
0.38861948251724243
0.3877989649772644
0.38941091299057007
0.3896641433238983
0.38923585414886475
0.3890085220336914
0.38968268036842346
0.38927415013313293
0.3891378343105316
0.3889427185058594
0.38908204436302185
0.388149619102478
0.38776183128356934
0.3887142539024353
0.38937389850616455
0.38939231634140015
0.3898051977157593
0.3894670307636261
0.38942039012908936
0.38916707038879395
0.38834497332572937
0.38797029852867126
0.3885210156440735
0.3886401951313019
0.3883524239063263
0.38869619369506836
0.3898187279701233
0.3889312148094177
0.3889894187450409
0.38926050066947937
0.38843467831611633
0.38969171047210693
0.3887963891029358
0.38862571120262146
0.3891688883304596
0.387752890586853
0.3881802558898926
0.3883799910545349
0.3894391357898712
0.3880964517593384
0.3894595801830292
0.38926970958709717
0.38852939009666443
0.3882298469543457
0.3888694941997528
0.38822516798973083
0.38964125514030457
0.3882157802581787
0.3894219994544983
0.390315979719162
0.38900089263916016
0.3898225724697113
0.3889462649822235
0.3895120918750763
0.3899386525154114
0.3888767957687378
0.38840025663375854
0.38983064889907837
0.3888055980205536
0.3900657594203949
0.38971006870269775
0.3887813091278076
0.3891727924346924
0.38876932859420776
0.3881666362285614
0.3890857696533203
0.3886088728904724
0.38846561312675476
0.39022406935691833
0.38904106616973877
0.38858333230018616
0.38821515440940857
0.38939207792282104
0.38961735367774963
0.3883603513240814
0.38925421237945557
0.38866496086120605
0.38746193051338196
0.38851839303970337
0.3893366754055023
0.38825398683547974
0.3890572190284729
0.38870325684547424
0.38914984464645386
0.38877394795417786
0.39028993248939514
0.38951554894447327
0.3886338174343109
0.3880780339241028
0.38750842213630676
0.3885711133480072
0.38951557874679565
0.3879634141921997
0.3887255787849426
0.39000988006591797
0.38868972659111023
0.38893115520477295
0.387707382440567
0.38863271474838257
0.387915700674057
0.3888399302959442
0.3884519338607788
0.3882802426815033
0.3880716562271118
0.3894338011741638
0.3886285424232483
0.38815027475357056
0.38786718249320984
0.38862624764442444
0.38795047998428345
0.389133095741272
0.3898031413555145
0.3893597722053528
0.38905152678489685
0.38916653394699097
0.38853326439857483
0.3880457282066345
0.3880143463611603
0.38819727301597595
0.3881485164165497
0.3900655210018158
0.38870760798454285
0.3892287611961365
0.389749675989151
0.38894933462142944
0.3883790969848633
0.3892039656639099
0.3887084424495697
0.38935667276382446
0.3887194097042084
0.38859447836875916
0.38967660069465637
0.38915786147117615
0.38940560817718506
0.3888448476791382
0.38964369893074036
0.3890767991542816
0.3892993628978729
0.3896939158439636
0.3900379240512848
0.38887161016464233
0.38856372237205505
0.3891988694667816
0.3882358968257904
0.3885549306869507
0.38794153928756714
0.3883619010448456
0.3899065852165222
0.3894135057926178
0.38882389664649963
0.3889743983745575
0.38827037811279297
0.38878530263900757
0.38941749930381775
0.3893177807331085
0.38850897550582886
0.3889620900154114
0.3884523808956146
0.38866671919822693
0.38892093300819397
0.3883075416088104
0.38931912183761597
0.3885604441165924
0.3892644941806793
0.38885173201560974
0.38818031549453735
0.38950926065444946
0.38843968510627747
0.3888322412967682
0.3895491659641266
0.38929471373558044
0.3887915313243866
0.38908490538597107
0.3885878026485443
0.38800302147865295
0.3885205090045929
0.3886820077896118
0.3895930349826813
0.38899558782577515
0.38810959458351135
0.38890340924263
0.38829779624938965
0.3891858756542206
0.3890402317047119
0.38782042264938354
0.3895202875137329
0.388776034116745
0.39008989930152893
0.38934990763664246
0.38904502987861633
0.388362854719162
0.3899586498737335
0.38854697346687317
0.38906386494636536
0.3894672095775604
0.388511598110199
0.38746023178100586
0.38845834136009216
0.3889998197555542
0.38894927501678467
0.388475626707077
0.38841354846954346
0.38949233293533325
0.3883882761001587
0.3880589008331299
0.3889652490615845
0.3894856870174408
0.3890146315097809
0.389556884765625
0.3897731304168701
0.389976441860199
0.3889159858226776
0.39002251625061035
0.3889547288417816
0.3879221975803375
0.3879344165325165
0.38764625787734985
0.3883739113807678
0.38932931423187256
0.3894488215446472
0.3888649046421051
0.3886937201023102
0.38778895139694214
0.38866207003593445
0.3888132870197296
0.3884330689907074
0.3892999291419983
0.38850125670433044
0.38829857110977173
0.3880074620246887
0.38903868198394775
0.3886718451976776
0.38840970396995544
0.38830286264419556
0.38931646943092346
0.38737618923187256
0.38853538036346436
0.3884061574935913
0.38801389932632446
0.3881278336048126
0.3887171447277069
0.3890460729598999
0.38839876651763916
0.38939571380615234
0.38790979981422424
0.38837289810180664
0.38937440514564514
0.38908541202545166
0.38852834701538086
0.38904303312301636
0.38933470845222473
0.38947615027427673
0.38790974020957947
0.3887578248977661
0.3887770175933838
0.38906002044677734
0.3885810077190399
0.38960492610931396
0.3883723020553589
0.38963934779167175
0.39003896713256836
0.38828375935554504
0.3894684612751007
0.387652188539505
0.3899058997631073
0.38893651962280273
0.3882998824119568
0.38809409737586975
0.3877938389778137
0.3899397850036621
0.38872548937797546
0.38970232009887695
0.3882808983325958
0.38838478922843933
0.38899922370910645
0.3891395628452301
0.388899028301239
0.38728755712509155
0.38838160037994385
0.39021313190460205
0.38885074853897095
0.3894988000392914
0.38853758573532104
0.3883688449859619
0.38797226548194885
0.38840460777282715
0.3879968822002411
0.3877868354320526
0.38812991976737976
0.3889881670475006
0.38811326026916504
0.3876999318599701
0.388558954000473
0.3883281946182251
0.3888092041015625
0.3883422315120697
0.3881879150867462
0.3882661461830139
0.3878045976161957
0.38826167583465576
0.38865071535110474
0.3896388113498688
0.38916096091270447
0.3885674476623535
0.38942015171051025
0.38898536562919617
0.3891396224498749
0.38999447226524353
0.3886233866214752
0.38780173659324646
0.38889279961586
0.38809478282928467
0.388702392578125
0.38874709606170654
0.3879944086074829
0.3890610933303833
0.3890637755393982
0.3880399465560913
0.388741135597229
0.3882797360420227
0.3890308439731598
0.38838210701942444
0.38849741220474243
0.388531357049942
0.3889749348163605
0.38866597414016724
0.38853755593299866
0.38864970207214355
0.38944733142852783
0.38926056027412415
0.38888147473335266
0.3893660306930542
0.3882684111595154
0.3886379599571228
0.38764795660972595
0.38918787240982056
0.3888070583343506
0.38885194063186646
0.38819506764411926
0.3878162205219269
0.38789820671081543
0.3885040879249573
0.38928985595703125
0.38841497898101807
0.390034019947052
0.3893267512321472
0.3891875743865967
0.3888322412967682
0.3899059295654297
0.3893855810165405
0.38814687728881836
0.38898223638534546
0.3885713517665863
0.38874393701553345
0.38811084628105164
0.3891662061214447
0.38826248049736023
0.387728214263916
0.3886941969394684
0.3880355656147003
0.3882237672805786
0.3885113596916199
0.39001718163490295
0.3882896900177002
0.3884793221950531
0.3876466453075409
0.38824987411499023
0.38905802369117737
0.3881121575832367
0.3882112205028534
0.38808977603912354
0.3873015344142914
0.3891024589538574
0.3894493579864502
0.3885151445865631
0.3875846862792969
0.38836395740509033
0.3886978030204773
0.38800379633903503
0.38827115297317505
0.38769903779029846
0.3890487849712372
0.3880133032798767
0.38871583342552185
0.38745594024658203
0.38792169094085693
0.38812509179115295
0.3892764151096344
0.38892117142677307
0.3887007236480713
0.38857129216194153
0.38919228315353394
0.38948380947113037
0.3879302144050598
0.38815951347351074
0.38902291655540466
0.38823771476745605
0.3881419897079468
0.38839852809906006
0.3885040879249573
0.3880718946456909
0.3884199559688568
0.38771259784698486
0.3885140120983124
0.3872586488723755
0.38865962624549866
0.38886287808418274
0.38780903816223145
0.3874247074127197
0.38902270793914795
0.38821712136268616
0.38939639925956726
0.3886924684047699
0.38844817876815796
0.3893841803073883
0.3892419636249542
0.38941723108291626
0.388925164937973
0.3892359137535095
0.38840070366859436
0.3899133503437042
0.38881659507751465
0.3887980282306671
0.3890545070171356
0.38782185316085815
0.3886558413505554
0.38874900341033936
0.38885295391082764
0.3896211087703705
0.3887825012207031
0.38982105255126953
0.3890167772769928
0.3892394006252289
0.38930729031562805
0.38801631331443787
0.38824549317359924
0.3889332413673401
0.3886430263519287
0.3886481821537018
0.38908785581588745
0.3878934681415558
0.3884384036064148
0.38757193088531494
0.3892568051815033
0.3885015547275543
0.3880977928638458
0.3876769542694092
0.3880794942378998
0.3889327049255371
0.38955047726631165
0.38851678371429443
0.3885602653026581
0.3893652856349945
0.3887109160423279
0.38981422781944275
0.38795986771583557
0.38845840096473694
0.3879551291465759
0.38911107182502747
0.38848087191581726
0.38831862807273865
0.3888160288333893
0.3880890905857086
0.38850653171539307
0.38935595750808716
0.3889928162097931
0.38809141516685486
0.3872615098953247
0.38845908641815186
0.3871227204799652
0.38815903663635254
0.38922664523124695
0.3895438015460968
0.3877161145210266
0.38951024413108826
0.38839852809906006
0.3879722058773041
0.3881978988647461
0.38773083686828613
0.38847649097442627
0.3888905644416809
0.3890007734298706
0.3888450562953949
0.3875330686569214
0.3883810341358185
0.38805830478668213
0.3877033591270447
0.3883152902126312
0.38813820481300354
0.38850632309913635
0.38858357071876526
0.38873857259750366
0.3891240954399109
0.3884986639022827
0.3882184326648712
0.3882526457309723
0.38844406604766846
0.3887273669242859
0.38928741216659546
0.38739800453186035
0.3897990584373474
0.3884854316711426
0.3890796899795532
0.38821956515312195
0.3894076943397522
0.3894422948360443
0.38794684410095215
0.38813838362693787
0.3891199231147766
0.3897267282009125
0.3885676860809326
0.38858678936958313
0.3879111111164093
0.38826119899749756
0.38897401094436646
0.38911348581314087
0.38784152269363403
0.38863271474838257
0.3866090178489685
0.3886372745037079
0.389065146446228
0.3884063959121704
0.38819578289985657
0.3880956172943115
0.3879523277282715
0.3875924050807953
0.3885035812854767
0.3887390196323395
0.3891606032848358
0.3881092667579651
0.38907742500305176
0.38853660225868225
0.3885568678379059
0.3879232704639435
0.38799458742141724
0.3883773684501648
0.3891713321208954
0.38853466510772705
0.38901007175445557
0.3884279727935791
0.3888348639011383
0.38862913846969604
0.389231413602829
0.3892471194267273
0.3878348171710968
0.38912567496299744
0.38938063383102417
0.38843032717704773
0.3892994225025177
0.3891774117946625
0.38912445306777954
0.38845208287239075
0.3893493115901947
0.3878871202468872
0.38834670186042786
0.38830801844596863
0.38899245858192444
0.3880465030670166
0.389021098613739
0.38798987865448
0.38866353034973145
0.38803571462631226
0.38863229751586914
0.3888210654258728
0.3872247040271759
0.38845670223236084
0.38732844591140747
0.38903746008872986
0.38817936182022095
0.3881661593914032
0.38843974471092224
0.38912951946258545
0.38898611068725586
0.3891390264034271
0.3889537453651428
0.3883135914802551
0.3883317708969116
0.3887910842895508
0.3888525366783142
0.3893008530139923
0.3891749680042267
0.3896821141242981
0.38844987750053406
0.38987085223197937
0.39051151275634766
0.38903480768203735
0.3895259499549866
0.3886076807975769
0.3890082836151123
0.388276070356369
0.3892797529697418
0.3891803026199341
0.38910701870918274
0.38858214020729065
0.3877084255218506
0.3890918493270874
0.38750773668289185
0.38767215609550476
0.3896487355232239
0.3877493143081665
0.3879674971103668
0.3882049024105072
0.38744354248046875
0.3883606791496277
0.3890732526779175
0.3881361782550812
0.3890034854412079
0.3879890441894531
0.3879237771034241
0.38840973377227783
0.38726523518562317
0.38874757289886475
0.3887547254562378
0.3883819580078125
0.387969046831131
0.3879212737083435
0.38762882351875305
0.38787612318992615
0.38715723156929016
0.38820210099220276
0.3875073194503784
0.3876132667064667
0.3878632187843323
0.3885977268218994
0.38772639632225037
0.38681524991989136
0.38900038599967957
0.38795042037963867
0.3893413245677948
0.38889142870903015
0.38760966062545776
0.3879714012145996
0.3887951970100403
0.3890331983566284
0.38915687799453735
0.3892391324043274
0.38845294713974
0.3874235451221466
0.38881900906562805
0.38801607489585876
0.388239324092865
0.3882245719432831
0.3895777761936188
0.38785824179649353
0.38903361558914185
0.390273779630661
0.3890206813812256
0.38731494545936584
0.38826507329940796
0.38905930519104004
0.3887709677219391
0.3881572484970093
0.3883243501186371
0.38828983902931213
0.3895137310028076
0.38887161016464233
0.38795366883277893
0.38978317379951477
0.3891637921333313
0.38789889216423035
0.3883554935455322
0.3883054256439209
0.387319952249527
0.38852378726005554
0.38852459192276
0.3884727358818054
0.38816577196121216
0.3886438310146332
0.38919639587402344
0.3879507780075073
0.38852420449256897
0.38741621375083923
0.38900136947631836
0.388516366481781
0.38869017362594604
0.38910141587257385
0.3882002830505371
0.3887207806110382
0.38796356320381165
0.3882119357585907
0.39026501774787903
0.3882562518119812
0.3879850208759308
0.38799336552619934
0.38962602615356445
0.38892626762390137
0.3879987597465515
0.38810914754867554
0.38872841000556946
0.38717156648635864
0.38784196972846985
0.3870681822299957
0.38820672035217285
0.38747650384902954
0.3884163796901703
0.38752955198287964
0.3895154297351837
0.38828831911087036
0.3889372944831848
0.3899500072002411
0.3891236186027527
0.3898225426673889
0.3882061839103699
0.38824424147605896
0.38907694816589355
0.3892991542816162
0.3874342441558838
0.38921886682510376
0.38851088285446167
0.3876231610774994
0.38895052671432495
0.3880268335342407
0.38753652572631836
0.3872497081756592
0.3884366750717163
0.3899693787097931
0.38864749670028687
0.3889385759830475
0.387423574924469
0.3889792263507843
0.38856491446495056
0.38750186562538147
0.3890984356403351
0.38795387744903564
0.3883831202983856
0.3885240852832794
0.3875651955604553
0.3884798586368561
0.38869771361351013
0.3875424265861511
0.38884881138801575
0.38883185386657715
0.3878474235534668
0.38838526606559753
0.3879869282245636
0.38864603638648987
0.3883264660835266
0.3876062035560608
0.3885915279388428
0.38901853561401367
0.388739675283432
0.3880496919155121
0.3885456323623657
0.3888067901134491
0.3886907398700714
0.38818371295928955
0.38832801580429077
0.3880540430545807
0.3885471522808075
0.3878970742225647
0.3885302245616913
0.3887558579444885
0.38820087909698486
0.38882407546043396
0.38805148005485535
0.3887103199958801
0.3890879452228546
0.388282835483551
0.38829678297042847
0.3887723684310913
0.3875651955604553
0.388405442237854
0.38840800523757935
0.38757869601249695
0.38807421922683716
0.38878872990608215
0.38712945580482483
0.3886612355709076
0.3887366056442261
0.38806843757629395
0.3871588110923767
0.3892119526863098
0.38872724771499634
0.3877995014190674
0.3890765309333801
0.3881654739379883
0.38877105712890625
0.38854238390922546
0.3887723386287689
0.38949450850486755
0.3893812596797943
0.3882404565811157
0.3886570632457733
0.3886745274066925
0.3880876898765564
0.3878253102302551
0.3878936469554901
0.38821080327033997
0.3881661891937256
0.3886495530605316
0.3878602981567383
0.3901439309120178
0.38829588890075684
0.38812118768692017
0.3881072998046875
0.3894205093383789
0.38825687766075134
0.3889274001121521
0.38818320631980896
0.38784101605415344
0.3882513642311096
0.3901592791080475
0.38758301734924316
0.3888014853000641
0.38904815912246704
0.38735345005989075
0.38847190141677856
0.38791054487228394
0.38899317383766174
0.389629602432251
0.3893788158893585
0.38861989974975586
0.3883607089519501
0.38879960775375366
0.38822877407073975
0.3870849311351776
0.3876240849494934
0.38884443044662476
0.3883282244205475
0.38828450441360474
0.38829195499420166
0.38895371556282043
0.38817521929740906
0.3889082968235016
0.3878645896911621
0.3886217474937439
0.3875366151332855
0.3885532319545746
0.388264924287796
0.38969433307647705
0.3882144093513489
0.38880252838134766
0.38746148347854614
0.3882519602775574
0.3873698115348816
0.38804513216018677
0.3886030614376068
0.38766562938690186
0.38880082964897156
0.38896915316581726
0.3877806067466736
0.3885501027107239
0.3892110288143158
0.38879308104515076
0.3879566490650177
0.3878703713417053
0.3883587121963501
0.3884000778198242
0.3879455029964447
0.3884967863559723
0.3881831467151642
0.3881281614303589
0.3885800242424011
0.3885400593280792
0.38871750235557556
0.38745471835136414
0.3875028192996979
0.38801413774490356
0.3886193335056305
0.38747158646583557
0.3885292410850525
0.38857245445251465
0.38810694217681885
0.38871055841445923
0.3884037137031555
0.3885519504547119
0.3885677754878998
0.3890746235847473
0.3888062834739685
0.3887845575809479
0.3894771337509155
0.3870815634727478
0.38806167244911194
0.3887660503387451
0.3892374038696289
0.38791123032569885
0.3894021511077881
0.38862696290016174
0.388516902923584
0.38824254274368286
0.3889153003692627
0.3876732885837555
0.3882971704006195
0.3877175450325012
0.38884714245796204
0.3889460563659668
0.3874923884868622
0.3890365660190582
0.38881900906562805
0.3884708881378174
0.38950806856155396
0.3883839547634125
0.3889782130718231
0.38787028193473816
0.3884199857711792
0.38741517066955566
0.38771507143974304
0.38912686705589294
0.3880960941314697
0.3891776502132416
0.38928449153900146
0.38861608505249023
0.3894331455230713
0.388751357793808
0.3880730867385864
0.38896968960762024
0.388471782207489
0.3879043459892273
0.38834601640701294
0.3877505660057068
0.38840603828430176
0.3887775242328644
0.38788944482803345
0.38941943645477295
0.3877159357070923
0.38828206062316895
0.38876545429229736
0.388118177652359
0.38837480545043945
0.3876020908355713
0.3881341814994812
0.3872106075286865
0.38830462098121643
0.387882262468338
0.3892602026462555
0.3883972764015198
0.3879809081554413
0.3887585997581482
0.38892072439193726
0.38819360733032227
0.389210045337677
0.3873938322067261
0.38778847455978394
0.38757526874542236
0.3880458474159241
0.38830387592315674
0.38677674531936646
0.3883068263530731
0.3885306715965271
0.3891705274581909
0.388396292924881
0.38806477189064026
0.3889409601688385
0.3890828788280487
0.38929662108421326
0.3892435133457184
0.38889768719673157
0.3882354199886322
0.38820338249206543
0.39004459977149963
0.38776594400405884
0.3870331346988678
0.3883212208747864
0.3882041871547699
0.3888530135154724
0.38880231976509094
0.38896670937538147
0.38826465606689453
0.38774076104164124
0.38835546374320984
0.38814035058021545
0.38815829157829285
0.3877277672290802
0.3883254826068878
0.3880205452442169
0.38870227336883545
0.3879357874393463
0.389414519071579
0.3877513110637665
0.38782554864883423
0.388796865940094
0.38862696290016174
0.3879561424255371
0.38855066895484924
0.3882226049900055
0.3888542950153351
0.3878017067909241
0.3894861340522766
0.388310968875885
0.38886821269989014
0.38870692253112793
0.38857322931289673
0.3890725076198578
0.38799506425857544
0.3879728317260742
0.38752079010009766
0.38942280411720276
0.3884296417236328
0.38852459192276
0.3878606855869293
0.3881699740886688
0.3886416554450989
0.387863427400589
0.3877585530281067
0.38699108362197876
0.3879520893096924
0.38883939385414124
0.3883730471134186
0.388511061668396
0.3887863755226135
0.3883160650730133
0.3882765471935272
0.3897075057029724
0.38684701919555664
0.38858556747436523
0.38813772797584534
0.38889896869659424
0.3882565200328827
0.3880956470966339
0.38786259293556213
0.388493150472641
0.3890964686870575
0.38840216398239136
0.3889646828174591
0.3877670466899872
0.3875100910663605
0.38813498616218567
0.3888396620750427
0.3882775604724884
0.3884888291358948
0.38861265778541565
0.38738319277763367
0.3882346451282501
0.38892799615859985
0.38857176899909973
0.38763636350631714
0.3889510929584503
0.38887426257133484
0.38973361253738403
0.38821038603782654
0.38813531398773193
0.38689926266670227
0.38820576667785645
0.3881317377090454
0.38887014985084534
0.3888520896434784
0.38821253180503845
0.38739240169525146
0.3879440724849701
0.3879540264606476
0.38890743255615234
0.3873592019081116
0.3884478807449341
0.3885539174079895
0.3886395990848541
0.38878846168518066
0.38811981678009033
0.38903743028640747
0.38783541321754456
0.3884337246417999
0.3880966901779175
0.387538880109787
0.3880605101585388
0.38805490732192993
0.3875534236431122
0.38930755853652954
0.38893717527389526
0.3878450095653534
0.38873836398124695
0.3886771500110626
0.3871435225009918
0.38768625259399414
0.38827162981033325
0.38955944776535034
0.38821083307266235
0.38968759775161743
0.3877003490924835
0.38940781354904175
0.3895756006240845
0.38836702704429626
