0.26806290035552166
0.24615906377105004
0.2443091536455966
0.2445035199535654
0.24214306259725957
0.24141225139511394
0.24463176156612151
0.24180779051273427
0.2383973829923792
0.24004190954122137
0.23623096277105046
0.23631747526691316
0.23584768080965002
0.2384688877995978
0.23829913083860216
0.23575741876947118
0.23448756289608935
0.23575593095193517
0.2370324990850814
0.23653221288894086
0.23347520344751946
0.2379201644278587
0.23699763496505452
0.23535821285653621
0.23612896463972458
0.2353257198441536
0.23607178317739608
0.23355653469866894
0.2322833649814129
0.23375599014949291
0.23163441917363634
0.23585710928161094
0.2357712890556518
0.23590799547890398
0.23506244795119507
0.23491350434561994
0.22967143008049498
0.23396836799827028
0.2338635151056533
0.23446387163502105
0.23358640677117287
0.2334599333240631
0.23260956368547805
0.23285820477820457
0.2315306045273517
0.2325538881123066
0.2353566940477554
0.23073731917650142
0.22986519677524872
0.23255804387178827
0.23229580166492056
0.23243737521957844
0.233334722195534
0.2321247639966772
0.23510495731805234
0.23331658859202203
0.23117726169368055
0.230294628029174
0.23065225161770556
0.23236790323194037
0.2307796338771252
0.2311666414458701
0.230255958881784
0.23246192575452176
0.23075403154213378
0.23233063693376296
0.23066614148147563
0.23128554668832332
0.2292764571277385
0.23062775775473168
0.23006565282319455
0.22965845877819874
0.23065116858862816
0.2297805517594865
0.23286570259865294
0.22977312440250783
0.23053441038157077
0.23123051495628155
0.2302189848207413
0.2293890063115891
0.2285101000774414
0.2280419041660238
0.22970229522027868
0.23064464235559423
0.22971991227662308
0.23738362196278065
0.2281864272787216
0.2303170549108627
0.22856085890151084
0.23018684119303176
0.22962393104395967
0.22701811140522044
0.22916698043650768
0.22843343637725141
0.22926011301101523
0.226925485390932
0.22762357871583166
0.22803315179462127
0.2301835999526876
0.22887618831814605
0.23008244373696915
0.22676969478104977
0.22674862263684578
0.22715371260617642
0.2279351369497624
0.22863773129721907
0.22749701435578631
0.22907774847872714
0.22747817572126997
0.2248126247778852
0.22671219278523264
0.2269652748995639
0.2257227655103866
0.23045565140374163
0.228947806231519
0.2252046266134749
0.22805181541975508
0.22880201287409094
0.22681542850555259
0.22280516237654585
0.2305702028914969
0.22597766588342952
0.23407161227883178
0.2273863917018505
0.22569379828711775
0.22775236469634036
0.2257819895414596
0.22552272423784783
0.22812485013236392
0.22545679087968581
0.22624482444309174
0.223913699864073
0.22432346015851548
0.22591754286847215
0.2237686793062281
0.22733298752536166
0.22386444375870077
0.22699829896396778
0.22861348536420376
0.2248503420739732
0.2255334474463412
0.2254100909575503
0.224810243445508
0.22622962089929174
0.22375670582690138
0.22740755444194408
0.22490942969601205
0.22708196177127513
0.2255237582040594
0.22705730288586717
0.224990105296069
0.2256813848272283
0.22326527044494102
0.22389170218338358
0.2237080804052505
0.2210384839551246
0.22442298223997684
0.22623689964096597
0.22510143163356375
0.22357566202891635
0.22478917391693337
0.2217414342659585
0.2215248338402586
0.2275070922171816
0.2318345587304298
0.22517357433729984
0.22498247542596878
0.22212055214542023
0.2249643273176031
0.22447518401957572
0.22384803868988726
0.2219919391927567
0.23129855365829266
0.22165353120641507
0.22342224926390547
0.22366506669749606
0.22565223538178078
0.22394931649274014
0.22310913449272196
0.223761980520918
0.22073249685320448
0.22160757776904613
0.22220706812878874
0.2230879746853037
0.22306077816384903
0.22455305796354375
0.22317283196335144
0.22246823087334633
0.22053261870082388
0.22106577717560402
0.2223146917655113
0.22062366392384183
0.22307962805349776
0.22181454617926416
0.22069480206738126
0.22208979741690008
0.22035705710345127
0.2202972410682668
0.22171171778377066
0.2212241864267816
0.22019748579948506
0.2235330360683989
0.22327396130942284
0.22095801570314041
0.21946516078203282
0.22347198918144753
0.21902964248302134
0.2213469353762079
0.2219647670045812
0.22338694429143946
0.22173718584978835
0.22096485755545028
0.2205053835790208
0.22935625316297753
0.2198794775820793
0.22289064748490112
0.2201376736481139
0.2204119303125016
0.2233170656923284
0.224562812834344
0.21784208540586716
0.2191018545405662
0.22319141204686874
0.22186606480403148
0.2220081105986808
0.22062958023966628
0.2190292923057333
0.2183324233331579
0.22122620600969234
0.21913482740204385
0.21959382248051623
0.2192334955994119
0.21791104433384348
0.22343044728040695
0.21756496296284047
0.2189561962447268
0.22925996637724816
0.22089235548009264
0.21881410146647312
0.21902615267862666
0.2194889523088932
0.21830109498919326
0.23002592236437697
0.22628182434338204
0.22202265104080768
0.2191591275499222
0.21933334257374418
0.2223005120424514
0.2215178058819568
0.22212503454152574
0.2179720660156392
0.2188604271158259
0.22040152644857447
0.22129370303864174
0.2207203039780576
0.21664280904100297
0.21858436653905727
0.21985844538566915
0.22015580083144473
0.22138553120671434
0.22025332932776592
0.220477172827467
0.2199427329320857
0.21789244348381429
0.21596348341158095
0.2195450999635331
0.21937409772517832
0.21711269980098338
0.21980311372812758
0.22840399398131572
0.23077526522126604
0.22588665371245525
0.2263542485046894
0.22776021554749062
0.22755389200880172
0.22446572320892455
0.2264320028430604
0.21891703203003457
0.22059487892275162
0.21727051276792872
0.22046898860246578
0.22849996102617143
0.21954716520106538
0.21989762838533583
0.22631841913816778
0.21750600564670056
0.21767041832208633
0.21713674718395193
0.21878446622731837
0.22836636268395058
0.2207869731999458
0.2193588558980759
0.21808584573421072
0.2181498869619471
0.22096744369953236
0.218718336300647
0.21805744824257303
0.21780795231461525
0.21914968417680009
0.2265738496913555
0.21810827103066951
0.21882113814353943
0.2181608367790567
0.2192453501072336
0.21856541701770843
0.2199296701620234
0.22090783144565337
0.2166377064236935
0.22046607257203854
0.22026475590277225
0.2265934555771503
0.2173595301648404
0.2189068038095819
0.2179694392896713
0.21680934774748822
0.22111328493090385
0.21660957097056063
0.2225754016098824
0.21750100963610283
0.21624498053434046
0.2240617461502552
0.21788858685721743
0.21843521835956167
0.2175562300897659
0.21779612428013315
0.21979311631715043
0.21869564769749947
0.2186634086389491
0.21800781033457595
0.22011908112054177
0.2162531962261555
0.21779523536245873
0.22503855776913623
0.219053826116501
0.21900922250240407
0.21544592922672312
0.2169474036769664
0.2157937875611985
0.22017330446458877
0.21464537765751493
0.21877239818902725
0.21289113282840302
0.21376844733319383
0.2184526323479541
0.21701806609300858
0.22612971099133186
0.21532242982945543
0.21813775345366052
0.21567443774101583
0.22448881969172904
0.21566007325940945
0.21758129630000034
0.21991824342849406
0.2167422241194451
0.21692828786499957
0.22527745603880983
0.21978813473214495
0.21577280870777496
0.21820035893866357
0.21685708726340153
0.21447312055116005
0.21717887982092005
0.22516588272249444
0.21841082555499483
0.2168182908220494
0.2133702132454578
0.21709508599436028
0.21783709319982122
0.21998541611940303
0.21278109496578257
0.21404475948594986
0.21578034282998837
0.22560746523928135
0.21382217616476912
0.21682727511258834
0.2156671038333406
0.21616786845186922
0.2156636821145707
0.21313576756956729
0.22753505575213026
0.21589063337825715
0.21643794565758806
0.22446926825858177
0.21745988140080838
0.21625196917894038
0.22245074015982608
0.21823863241266697
0.21602855694103748
0.21517473839698953
0.21626746289907617
0.21665967588729046
0.2156658852671055
0.21459287611093927
0.21559489676927
0.22160163989409487
0.22421246093321354
0.214658888730597
0.22564494776281904
0.22086716649380136
0.21643498611259968
0.22202316988655862
0.2124374642809655
0.22643995039323542
0.21902937378655088
0.21592991157098018
0.21848791758430766
0.21797821654918345
0.2126308874563968
0.21839813230202554
0.21434372092815154
0.21817423704456776
0.21779802211738647
0.217756006470386
0.21559321594999192
0.21489567325470296
0.21547311940725813
0.21327575375425054
0.21496462346391476
0.22020945618761348
0.21902717792607368
0.21586613769226887
0.21816884456796848
0.21941292666374368
0.21712791127093295
0.21284444273469297
0.2121126131015889
0.2143478679688687
0.21535066451798093
0.21707184612751007
0.21597199894963426
0.2161669984776923
0.2146778959543147
0.21135268407933255
0.21382507555028227
0.21898883834798286
0.22409251229243077
0.22269992308413727
0.2146215745584762
0.21357759666886736
0.21279764286381134
0.21537152868002019
0.2250100940941496
0.21374550477621404
0.2150759402107685
0.21454257866803636
0.21516327068526694
0.21393628045916557
0.21180192484183513
0.215814212218244
0.21218450224780022
0.2158880795728653
0.21161701387547432
0.2165384073048196
0.2171493776618166
0.21287191778104356
0.21421008985093298
0.21565473127238294
0.21238356828689575
0.21215120909061838
0.21385839549784966
0.21487665168465453
0.21661961665178867
0.21103329607780943
0.21271172681070388
0.22231337776843538
0.21532555542727735
0.21699173796050092
0.20955263831196946
0.213355948474813
0.21506404678555244
0.21625703676266872
0.212456040401408
0.21314429380792252
0.21190757859260478
0.21440976596576103
0.2174588606712666
0.21789594731749373
0.21656610079585237
0.21322863279504978
0.2156180351021442
0.21661222955964982
0.21272350784311903
0.21132064016258462
0.21371181713456802
0.2119753359163061
0.21403264928054302
0.215345321659078
0.2132551800063316
0.21309061610001198
0.21492042012037116
0.2196245775260824
0.21384718681269504
0.21301952472075503
0.21588575681473346
0.21215806211879912
0.21402813716137664
0.20924437458210804
0.21506819794786738
0.2124056541856299
0.22030008679374735
0.21145757160922315
