0.648240292513812
0.6296094170323124
0.6251824917616667
0.6282109905172277
0.6226877636379666
0.6273489175019441
0.6183567422407644
0.6286082179458053
0.6177221691166913
0.621482617325253
0.6238287113330983
0.6244120531611972
0.6225284337997437
0.619531476939166
0.6199935873349508
0.6187653387034381
0.6203450693024529
0.6196097974424009
0.6195191983823423
0.618673152393765
0.6178775981620506
0.6159674459033542
0.62005157161642
0.6153895877025746
0.6167981006481029
0.6185292734040154
0.6262943126537182
0.6181383552374663
0.6187918097884567
0.6159453767317312
0.61386227828485
0.6131129728423225
0.6123187873098586
0.6190769054271557
0.6183434239140263
0.6164683787911026
0.6156221959326003
0.617446901621642
0.6141853575353269
0.6152725727469833
0.6122312170487864
0.6131457211794676
0.6126498977343241
0.6162526143921746
0.6149988682181747
0.6128214686005203
0.6178347203466628
0.614192216484635
0.6138440525090253
0.6122160951296488
0.6112548002490291
0.6172968877686394
0.6185930989406727
0.6162517931726244
0.6168101562394036
0.6130590416766979
0.6100795467694601
0.6098353531625536
0.6135835846265157
0.6148915953106351
0.6144745349884033
0.6152196040859929
0.6127661687356455
0.6150719810415197
0.6128835236584699
0.6114103529188368
0.6144247916009691
0.6129041292049267
0.612625969780816
0.6152507464090983
0.6193140281571282
0.6139524998488249
0.614095562034183
0.611047281159295
0.6129721999168396
0.613003534299356
0.6102912293540107
0.6147451886424312
0.6123319709742511
0.6155395176675584
0.6066713123409836
0.6139941060984576
0.6124609951619748
0.6116740438673232
0.6147593966236821
0.6119687204007749
0.6127016478114657
0.6096098290549384
0.6114846578350773
0.6138820206677472
0.6151245501306322
0.6135589921915973
0.6137592991193136
0.6161079649572019
0.6185931806211118
0.6107508341471354
0.6126359679080822
0.6190295749240451
0.6163475270624514
0.6124244001176622
0.6106067189463863
0.6127180876555266
0.6118204483279476
0.6107703844706217
0.6125485080259817
0.6133561046035202
0.612124643943928
0.6144299065625226
0.6134753006475943
0.608303098766892
0.6128427408359669
0.6107627263775578
0.6164818428180836
0.6122710550272906
0.6139502635708561
0.6074230163185684
0.6089142847944189
0.6133222513728671
0.6107794774903191
0.613469847926387
0.6157438048609981
0.610166710835916
0.6102067585344668
0.6165489642708389
0.6117313239309523
0.6154459052615695
0.612107930360017
0.6163917515012953
0.615528009555958
0.6106814675860934
0.6114573169637609
0.6169159103322912
0.6141929648540638
0.6162450225264938
0.6133918982964975
0.614494937437552
0.6144949462678697
0.6120342303205419
0.6192722894527294
0.613229943646325
0.6142939748587432
0.6133299403720431
0.6098480290836759
0.6125826482419614
0.6135238453193947
0.614369480698197
0.6128903605319835
0.6119956859835872
0.612256544607657
0.6097863206156978
0.6137818362977769
0.6118939629307499
0.6110947397020128
0.6119687049477188
0.6115831423688818
0.6134006844626533
0.6113918688562181
0.6143662156882109
0.6075075290821217
0.6108048646538345
0.6046619867836988
0.6095929278267754
0.6097864950144732
0.6151958681918956
0.609483438509482
0.6067892246776156
0.6139333998715436
0.6132282482253181
0.6081294262850726
0.6088611814710829
0.6115736365318298
0.611190934975942
0.6121827915862754
0.6100018554263644
0.61086580046901
0.6137887393986737
0.6157780797393234
0.6103217204411825
0.6100816748760365
0.6126685606108772
0.6053737269507514
0.615774377628609
0.6118514361204924
0.6149163665594878
0.6077226952270225
0.606442948182424
0.6095354579113148
0.6076325509283278
0.6093825455065127
0.608024952588258
0.6121244496769376
0.6098921983330338
0.6081001692348056
0.6088805949246442
0.611543545016536
0.6128955328906024
0.6122084701502765
0.6115569604767693
0.6071533185464365
0.6079426142904494
0.6136864445827626
0.6143949870710019
0.6128347471908286
0.6149456434779697
0.6085237352936356
0.6139898852065757
0.6084049145380656
0.614086683149691
0.607220815287696
0.6112741585131045
0.6092229728345517
0.6083101166619195
0.6071167102566472
0.6094076743832341
0.609089767491376
0.6060410980825071
0.6105313610147547
0.6128579731340762
0.6110227108001709
0.6115236679712931
0.6061992049217224
0.6098858956937436
0.6102980772654215
0.6098078952895271
0.6133425324051468
0.6114450361993577
0.6062906185785929
0.6075302516972577
0.6058029223371435
0.6085416983675074
0.6072239147292243
0.6062850930072643
0.6040653674690811
0.6098580338336803
0.6079474069454052
0.6116692843260588
0.6098792442569027
0.6126550126958776
0.6114349409385964
0.6104557624569645
0.610475758711497
0.6089085627485205
0.6112285256385803
0.607901844713423
0.6099638011720445
0.6084650070578964
0.6080204049746195
0.6091230555816933
0.6132961555763528
0.605790740913815
0.6108234657181634
0.6120624498084739
0.6089199958024202
0.6118885477383932
0.6106836089381465
0.6084348559379578
0.6078440105473554
0.6140874602176525
0.6090550246062102
0.6130256100937173
0.6086668659139562
0.6072332483750803
0.6109942241951272
0.6099499331580268
0.6049336791038513
0.6112017808137117
0.6113292089215031
0.6100407066168608
0.6084853344493442
0.6122431600535357
0.60881064997779
0.6141250552954497
0.6062673462761773
0.6114539526127003
0.6112778738692954
0.6098144054412842
0.604051223507634
0.6055083672205607
0.6074750467582986
0.610217093317597
0.6031995813051859
0.6089354024993049
0.6092489074777674
0.609997965671398
0.612561700520692
0.6071738070911832
0.6124069050506309
0.6140876434467457
0.6089114723382173
0.6047645454053525
0.6122460144537466
0.6096539718133432
0.6085425129643193
0.6070322217764678
0.606253303863384
0.6135981833493268
0.6077483528190188
0.603837236210152
0.6171288115006907
0.6115506004404139
0.6057404323860451
0.6077490537254898
0.6136483947436014
0.6101989370805246
0.6078376350579439
0.6140634461685464
0.6101036424990054
0.6073913640446134
0.6118873622682359
0.6093069800624141
0.6084529912030255
0.6100770875259682
0.6102611201780813
0.6044103105862936
0.6089966341301247
0.6034921496002762
0.6053586668438382
0.614481129028179
0.6101700332429674
0.6077707365707115
0.6085757723561039
0.608016899338475
0.6094091424235591
0.60688156331027
0.6063179881484421
0.6067743588376928
0.611502245620445
0.6066742274496291
0.6057786809073554
0.6089753486492016
0.6131864079722652
0.60574503298159
0.6111980389665674
0.6097090266369007
0.6113416795377378
0.6091632313198514
0.613157159752316
0.6077544777481644
0.612848456259127
0.6108003545690466
0.6083683592301828
0.6103239037372448
0.6073416383178146
0.6077722973293729
0.6083351263293514
0.6098648729147734
0.6091652159337644
0.6047837557616057
0.6086440748638577
0.604921524171476
0.6085651384459602
0.6077764475787127
0.6056464755976642
0.608790104035978
0.6125934146068714
0.6120688959404275
0.61374948642872
0.608934102235017
0.609520415465037
0.6070437696244981
0.6078392576288294
0.6102104760982372
0.611882108229178
0.6047302859800833
0.6105993125173781
0.6135950883229574
0.6119212265367862
0.611036581021768
0.6050282209007828
0.6111107225771304
0.6031960800842002
0.6080817536071494
0.6100004999725906
0.6103157842600787
0.6104130789085671
0.604101679943226
0.6101375774100974
0.6078649980050547
0.608288809105202
0.6100695398118761
0.6073444154527452
0.6106461838439659
0.6035679600856922
0.6082010666529337
0.6085548025590403
0.6075511994185271
0.6080860583870499
0.6050510538948907
0.6098168470241405
0.6093846404993976
0.6094240126786409
0.6069142288631864
0.6042003896501329
0.6065411567687988
0.6117988802768566
0.6123003584367258
0.612722118695577
0.6093139361452173
0.605776173097116
0.6111372422288965
0.6125536914224978
0.6084596316019694
0.6088444590568542
0.6104237459324025
0.6049305023970427
0.6051069475986339
0.6052813750726206
0.6013002715728901
0.6124059381308379
0.6031204329596626
0.6097778346803453
0.6085625092188517
0.6091826933401602
0.6063596849088315
0.6100057076524805
0.6112483806080289
0.6092292335298326
0.6076898155389009
0.6045201972678855
0.6095752826443425
0.6083806797310158
0.6054972586808381
0.6044617979614823
0.6083374398726004
0.6074243695647629
0.6130175369757193
0.6132766670650907
0.6047545075416565
0.6031643019782172
0.6078935044783133
0.6086235576205783
0.6102085268055951
0.6095690572703326
0.6091925148610715
0.6086620004088791
0.6052791498325489
0.6046525063338103
0.6044674140435679
0.6052128672599792
0.6061763388139231
0.6076442003250122
0.6097043796821877
0.6104590451275861
0.6113157360642044
0.6070804308961939
0.606110586060418
0.6056359079149034
0.607873057877576
0.6107340300524676
0.6080776166032862
0.6062523877179181
0.606136765744951
0.6095534651367752
0.6065035771440577
0.6061340835359361
0.6083834679038437
0.6094601286782159
0.6100581641550418
0.6033619399423953
0.6029073110333195
0.6096407329594647
0.6075794144913003
0.6030748707276804
0.6125189772358647
0.608603956522765
0.610442457375703
0.6112765117927834
0.6083058361653928
0.609879904323154
0.6089158985349867
0.6041602823469374
0.6111104642903363
0.6087911603627382
0.6089472925221479
0.610176165898641
0.6062403056356642
0.609022562150602
0.6098614092226382
0.6023944814999899
0.6053233168743275
0.6062778720149288
0.6093615161048042
0.6091735981128834
0.6065942446390787
0.6060210642991243
0.6089168676623592
0.606816640606633
0.6106453074349297
0.6098131978953326
0.6095324732639171
0.6081657056455259
0.6079569944628963
0.6111561545619258
0.6057447813175343
0.6126818612769798
0.6146658394071791
0.6088268712714866
0.610275407632192
0.6065475168051543
0.6129386292563545
0.6121606252811573
