0.4248383171375721
0.377840215400342
0.370065834613577
0.3665921805246222
0.36037450391919384
0.3567174441751934
0.35452740681507894
0.3510016177089945
0.35040707207254823
0.3456166512783497
0.3436572574559719
0.34056410608032056
0.33797444216907024
0.3386185299004278
0.33638197814504944
0.32986705774261105
0.3293767628530341
0.33240499515687266
0.33008825640764927
0.32393976318980416
0.3206227196741008
0.31901914614342874
0.3220602886210526
0.3174019545436867
0.3180297583101257
0.31532363383279693
0.3142967797335117
0.31226814934803593
0.30972760963824486
0.3083890009551279
0.3102213989102071
0.30493587646032533
0.3093195915101997
0.3053872116631077
0.3052749450528814
0.3040649181291942
0.3002129084160251
0.2958279249648894
0.3006586762325418
0.2958252089278352
0.29478429023536945
0.2925816902950887
0.2937831830593847
0.29094367558437007
0.28714725693627713
0.28688096681669834
0.2874169381515634
0.28543421235536376
0.2873045585208362
0.28407524604230155
0.28112332859346945
0.2826719848258841
0.2802114236739374
0.2779084166451808
0.28045550439386596
0.2796344177256669
0.284066433026906
0.2776783964927158
0.2769435160462895
0.2745898539020169
0.27410450607778564
0.2713795986266867
0.2743447785295786
0.27234042477944204
0.27333078551436624
0.27314603947583704
0.2702264271436199
0.26911319624031743
0.26909796040385
0.2637613690908878
0.26584209543803045
0.26714805483577714
0.2648262137607221
0.26252818492151075
0.26178600296618476
0.26455747384217476
0.25967536289845744
0.25936280004680157
0.26155033605473654
0.25946035109941035
0.25914184526810724
0.25523676194490924
0.2575034336938012
0.26029991022040766
0.25649959792292887
0.25511755782269663
0.25751482328820613
0.2538648854580618
0.2538768837769185
0.2576227313688686
0.24980855456763698
0.2557022400921391
0.25127018044792837
0.2565662164481417
0.24955996606619127
0.25194886597173827
0.24971968229980238
0.2496019929887787
0.2518716870296386
0.25065577234472
0.24800971564987012
0.2470658908507997
0.24597969446932116
0.24551751590784518
0.2446363800235333
0.24507846686268045
0.24481714967518084
0.24523764992913893
0.2462206119671464
0.24238858173691458
0.25098974149554004
0.24596954900170526
0.2432320689962756
0.24111653071257375
0.23851919862171334
0.24054660624073398
0.23960604001918145
0.24414559579905
0.24052089482786193
0.2395107159090619
0.2404351789023607
0.23703594091198138
0.23968117581980844
0.24054280073652345
0.23986124770054895
0.2387586568872775
0.23433221984774835
0.23498032830895915
0.23394659900617215
0.23973122173018993
0.23392829737595974
0.23223731297278596
0.233513243496418
0.23426677448855293
0.23549142804357312
0.23155589672105928
0.23450298318939825
0.23132473681001894
0.23300760810173327
0.23104856004037203
0.23355432134121656
0.23272314595599328
0.23146696292584942
0.23130935520654725
0.22862422394175683
0.23265997762040747
0.23122090041156737
0.22935205538787187
0.22698252086317347
0.2282466824136434
0.229278844240452
0.23031129633947725
0.23151994803019108
0.22575500391183362
0.22870671601905937
0.22590554298292245
0.22637412120257655
0.2248654659356802
0.22775282755854628
0.22647815915725886
0.22627762578908475
0.22323896147070393
0.22603023001143047
0.223430355710368
0.2288603793769594
0.23084745499035042
0.22503816943255164
0.22359652895360224
0.2256192742516437
0.2243250609045067
0.22319043818260392
0.22285126546217549
0.22048482328893676
0.22173511309008445
0.2255656568393592
0.22167566418647766
0.2240201325846776
0.2240435933213561
0.22276507651493435
0.221563525618084
0.2196343273465191
0.22167106213108187
0.21954299870037264
0.22019858586211358
0.2204830648617879
0.2179588296660973
0.21791429652441893
0.2199275148732047
0.2195023017665071
0.2175445829728438
0.21770964058176165
0.22006709362951019
0.22001205952537636
0.21654201464186754
0.22398287595640268
0.21846750111228996
0.21692545237320085
0.21647397702139232
0.21655517338865227
0.21848204966274
0.21389120390578623
0.2150028880925909
0.21742824032422034
0.21353746190546982
0.21610282616870058
0.21342584731117373
0.2148048679434484
0.21624056937833946
0.21093092795701757
0.21665896823809994
0.21209936051238928
0.2134877881636062
0.2110310953951651
0.21182903620384394
0.21570278178419797
0.21181338085162063
0.21077848466173296
0.21545832646229574
0.21491660114618077
0.21585451559193672
0.21542258152077276
0.21396951807001907
0.21472496785704168
0.21684835944324732
0.2129194282836491
0.20850131507482259
0.21211992657833523
0.2122183477566127
0.21240219954521425
0.20875716206407355
0.21262655196891678
0.20965208656965725
0.21220456916959055
0.21049303224971216
0.2102050028981701
0.21030250648337026
0.21436560135935584
0.2093829193543042
0.2081784444951242
0.21012234690809442
0.2084915266041794
0.2074132615460023
0.20649765323727362
0.20850688931081565
0.20790741574620047
0.21037732296052478
0.20900172740221024
0.2073574678131169
0.21040976879697654
0.20841333952041402
0.20774297779726406
0.20591666621546592
0.20660189617305033
0.2065611636386283
0.20480668752063666
0.20467627204714284
0.20504560790234996
0.20529199445680266
0.20887108234268043
0.20571408928522178
0.20498867681430233
0.20387604640376183
0.20622996225832932
0.2069930856025988
0.20402396202928597
0.2043610502094511
0.20465063715293522
0.20408644187714783
0.20334327530356183
0.20998852267380683
0.2028143562136158
0.2063939516102114
0.20173339068048424
0.2035273731415791
0.20208447150165035
0.20330613145544643
0.20595930030028667
0.2028193358752516
0.20420104866066285
0.20311835979021364
0.20220368343495554
0.20583595786123507
0.2006498632592059
0.20941436080442322
0.20160854031001368
0.20122407055309705
0.19775799271320144
0.2011305528182176
0.2057978167769409
0.19909009163177782
0.19980008689866913
0.21212806138059787
0.20161506251221703
0.201329845334253
0.19898420977856843
0.20351455967512824
0.2017340181816009
0.20130186476894923
0.20102788204507482
0.20004573981127433
0.2001272363948726
